#  Created by Sandify
#  https://sandify.org
#  Version: 0.2.4
#
#  Machine type: Polar
#    Max radius (mm): 140
#    Start point: center
#    End point: none
#  Content type: shape
#  Layer:
#    Shape: Circle
#    Name: Clear
#    Number of lobes: 1
#    Direction: clockwise
#    Visible: true
#    Initial width: 9
#    Initial height: 9
#    X offset: 0
#    Y offset: 0
#    Rotate (degrees): 0
#    Reverse path: false
#    Number of loops: 15
#    When transforming shape: smear
#    Scale: true
#      Scale (+/-): 100
#      Scale by: constant
#    Spin: false
#    Track: false
#    Fine tuning:
#      Connect to next layer: line
#      Draw portion of path (%): 100
#      Backtrack at end (%): 0
#      Rotate starting point (%): 0
#  Reverse export path: false
#
# File name: 'Clear'
#

0.00000 0.00000
1.57080 0.01429
1.57080 0.02857
1.57080 0.04286
1.57080 0.05714
1.57080 0.06429
1.52171 0.06479
1.47262 0.06529
1.42348 0.06579
1.37442 0.06630
1.32538 0.06679
1.27627 0.06730
1.22716 0.06780
1.17815 0.06831
1.12897 0.06881
1.07991 0.06931
1.03080 0.06981
0.98175 0.07031
0.93264 0.07082
0.88357 0.07132
0.83451 0.07182
0.78540 0.07232
0.73634 0.07282
0.68722 0.07332
0.63812 0.07383
0.58904 0.07433
0.53996 0.07483
0.49087 0.07534
0.44174 0.07584
0.39270 0.07634
0.34359 0.07684
0.29450 0.07734
0.24542 0.07785
0.19636 0.07835
0.14728 0.07885
0.09818 0.07935
0.04913 0.07985
0.00000 0.08036
-0.04905 0.08086
-0.09813 0.08136
-0.14729 0.08186
-0.19638 0.08237
-0.24544 0.08287
-0.29452 0.08337
-0.34362 0.08387
-0.39267 0.08437
-0.44182 0.08488
-0.49089 0.08538
-0.53993 0.08588
-0.58903 0.08639
-0.63814 0.08688
-0.68721 0.08738
-0.73630 0.08789
-0.78540 0.08839
-0.83445 0.08889
-0.88358 0.08940
-0.93268 0.08990
-0.98176 0.09040
-1.03082 0.09091
-1.07996 0.09141
-1.12905 0.09191
-1.17810 0.09241
-1.22719 0.09291
-1.27630 0.09341
-1.32534 0.09392
-1.37444 0.09442
-1.42352 0.09492
-1.47265 0.09542
-1.52171 0.09593
-1.57080 0.09643
-1.61989 0.09693
-1.66897 0.09743
-1.71807 0.09794
-1.76718 0.09843
-1.81627 0.09894
-1.86531 0.09944
-1.91443 0.09994
-1.96347 0.10044
-2.01261 0.10095
-2.06165 0.10145
-2.11075 0.10195
-2.15986 0.10245
-2.20893 0.10295
-2.25801 0.10346
-2.30710 0.10396
-2.35619 0.10446
-2.40529 0.10497
-2.45438 0.10547
-2.50343 0.10597
-2.55257 0.10647
-2.60167 0.10697
-2.65072 0.10748
-2.69984 0.10798
-2.74888 0.10848
-2.79800 0.10898
-2.84704 0.10949
-2.89613 0.10999
-2.94524 0.11049
-2.99434 0.11099
-3.04342 0.11149
-3.09253 0.11200
-3.14159 0.11250
-3.19066 0.11300
-3.23980 0.11350
-3.28886 0.11401
-3.33797 0.11451
-3.38701 0.11501
-3.43608 0.11552
-3.48521 0.11602
-3.53431 0.11652
-3.58340 0.11702
-3.63248 0.11752
-3.68156 0.11803
-3.73065 0.11853
-3.77973 0.11903
-3.82880 0.11953
-3.87791 0.12003
-3.92699 0.12053
-3.97608 0.12104
-4.02514 0.12154
-4.07427 0.12204
-4.12332 0.12255
-4.17245 0.12305
-4.22149 0.12355
-4.27063 0.12405
-4.31969 0.12455
-4.36878 0.12505
-4.41784 0.12556
-4.46697 0.12606
-4.51602 0.12656
-4.56514 0.12707
-4.61419 0.12756
-4.66329 0.12807
-4.71239 0.12857
-4.76149 0.12908
-4.81056 0.12957
-4.85964 0.13008
-4.90871 0.13058
-4.95782 0.13109
-5.00693 0.13159
-5.05601 0.13209
-5.10510 0.13259
-5.15419 0.13309
-5.20327 0.13360
-5.25232 0.13410
-5.30144 0.13460
-5.35052 0.13510
-5.39963 0.13560
-5.44867 0.13611
-5.49779 0.13660
-5.54687 0.13711
-5.59598 0.13761
-5.64507 0.13811
-5.69413 0.13862
-5.74323 0.13912
-5.79233 0.13962
-5.84142 0.14012
-5.89049 0.14063
-5.93959 0.14113
-5.98865 0.14163
-6.03774 0.14213
-6.08682 0.14263
-6.13594 0.14313
-6.18502 0.14364
-6.23411 0.14414
-6.28319 0.14464
-6.33227 0.14515
-6.38138 0.14564
-6.43044 0.14615
-6.47951 0.14665
-6.52863 0.14715
-6.57772 0.14766
-6.62680 0.14816
-6.67591 0.14866
-6.72499 0.14917
-6.77405 0.14966
-6.82315 0.15016
-6.87223 0.15067
-6.92131 0.15117
-6.97042 0.15167
-7.01948 0.15218
-7.06858 0.15267
-7.11767 0.15318
-7.16678 0.15368
-7.21584 0.15419
-7.26493 0.15469
-7.31400 0.15519
-7.36310 0.15569
-7.41222 0.15619
-7.46129 0.15670
-7.51037 0.15720
-7.55945 0.15770
-7.60853 0.15821
-7.65762 0.15871
-7.70674 0.15921
-7.75579 0.15971
-7.80488 0.16021
-7.85398 0.16071
-7.90305 0.16122
-7.95215 0.16172
-8.00123 0.16222
-8.05031 0.16273
-8.09940 0.16323
-8.14851 0.16373
-8.19760 0.16423
-8.24669 0.16473
-8.29578 0.16524
-8.34487 0.16573
-8.39395 0.16624
-8.44302 0.16674
-8.49214 0.16724
-8.54119 0.16775
-8.59028 0.16825
-8.63938 0.16875
-8.68846 0.16925
-8.73754 0.16976
-8.78664 0.17026
-8.83571 0.17076
-8.88482 0.17126
-8.93388 0.17176
-8.98301 0.17227
-9.03208 0.17277
-9.08118 0.17327
-9.13026 0.17378
-9.17935 0.17427
-9.22842 0.17478
-9.27750 0.17528
-9.32661 0.17578
-9.37569 0.17628
-9.42478 0.17679
-9.47387 0.17729
-9.52296 0.17779
-9.57206 0.17829
-9.62112 0.17879
-9.67021 0.17929
-9.71930 0.17980
-9.76839 0.18030
-9.81748 0.18081
-9.86658 0.18131
-9.91566 0.18181
-9.96475 0.18231
-10.01383 0.18281
-10.06290 0.18332
-10.11201 0.18382
-10.16108 0.18432
-10.21018 0.18482
-10.25925 0.18532
-10.30835 0.18582
-10.35744 0.18632
-10.40651 0.18683
-10.45561 0.18733
-10.50471 0.18784
-10.55381 0.18834
-10.60288 0.18884
-10.65197 0.18934
-10.70106 0.18985
-10.75014 0.19035
-10.79921 0.19085
-10.84830 0.19135
-10.89739 0.19185
-10.94650 0.19235
-10.99557 0.19286
-11.04465 0.19336
-11.09374 0.19386
-11.14285 0.19436
-11.19191 0.19487
-11.24101 0.19537
-11.29009 0.19587
-11.33919 0.19637
-11.38829 0.19687
-11.43737 0.19738
-11.48644 0.19788
-11.53552 0.19838
-11.58462 0.19888
-11.63369 0.19939
-11.68280 0.19989
-11.73188 0.20039
-11.78097 0.20089
-11.83005 0.20139
-11.87914 0.20190
-11.92823 0.20240
-11.97731 0.20290
-12.02640 0.20340
-12.07549 0.20391
-12.12460 0.20441
-12.17368 0.20491
-12.22277 0.20541
-12.27186 0.20592
-12.32092 0.20642
-12.37000 0.20692
-12.41911 0.20742
-12.46820 0.20792
-12.51728 0.20843
-12.56637 0.20893
-12.61547 0.20943
-12.66455 0.20993
-12.71364 0.21043
-12.76271 0.21094
-12.81182 0.21144
-12.86089 0.21194
-12.90998 0.21245
-12.95908 0.21295
-13.00817 0.21345
-13.05725 0.21395
-13.10633 0.21445
-13.15541 0.21495
-13.20451 0.21546
-13.25359 0.21595
-13.30268 0.21646
-13.35177 0.21696
-13.40084 0.21746
-13.44994 0.21797
-13.49903 0.21847
-13.54811 0.21898
-13.59719 0.21948
-13.64627 0.21998
-13.69540 0.22048
-13.74448 0.22098
-13.79356 0.22148
-13.84263 0.22199
-13.89174 0.22249
-13.94083 0.22299
-13.98990 0.22349
-14.03898 0.22399
-14.08809 0.22450
-14.13717 0.22500
-14.18625 0.22550
-14.23533 0.22600
-14.28443 0.22651
-14.33351 0.22701
-14.38259 0.22751
-14.43168 0.22801
-14.48078 0.22852
-14.52987 0.22902
-14.57896 0.22952
-14.62802 0.23002
-14.67713 0.23053
-14.72621 0.23103
-14.77531 0.23153
-14.82439 0.23203
-14.87348 0.23253
-14.92257 0.23303
-14.97166 0.23354
-15.02074 0.23404
-15.06983 0.23454
-15.11892 0.23505
-15.16801 0.23555
-15.21710 0.23605
-15.26619 0.23655
-15.31527 0.23705
-15.36436 0.23756
-15.41343 0.23806
-15.46253 0.23856
-15.51163 0.23906
-15.56071 0.23956
-15.60980 0.24007
-15.65886 0.24057
-15.70796 0.24107
-15.75704 0.24158
-15.80614 0.24207
-15.85522 0.24258
-15.90431 0.24308
-15.95340 0.24359
-16.00250 0.24408
-16.05157 0.24459
-16.10066 0.24509
-16.14976 0.24559
-16.19883 0.24609
-16.24793 0.24660
-16.29700 0.24710
-16.34610 0.24760
-16.39518 0.24810
-16.44426 0.24861
-16.49336 0.24910
-16.54245 0.24961
-16.59152 0.25011
-16.64061 0.25061
-16.68970 0.25111
-16.73880 0.25162
-16.78788 0.25212
-16.83699 0.25262
-16.88607 0.25312
-16.93515 0.25363
-16.98423 0.25413
-17.03332 0.25463
-17.08242 0.25513
-17.13151 0.25564
-17.18058 0.25614
-17.22967 0.25664
-17.27876 0.25714
-17.32785 0.25765
-17.37692 0.25815
-17.42602 0.25865
-17.47511 0.25915
-17.52421 0.25965
-17.57329 0.26016
-17.62238 0.26066
-17.67147 0.26116
-17.72055 0.26167
-17.76964 0.26216
-17.81871 0.26267
-17.86781 0.26317
-17.91690 0.26368
-17.96600 0.26417
-18.01506 0.26468
-18.06416 0.26518
-18.11324 0.26568
-18.16234 0.26618
-18.21143 0.26669
-18.26050 0.26719
-18.30959 0.26769
-18.35869 0.26819
-18.40778 0.26870
-18.45687 0.26920
-18.50595 0.26970
-18.55503 0.27020
-18.60411 0.27071
-18.65321 0.27120
-18.70231 0.27170
-18.75139 0.27221
-18.80048 0.27271
-18.84956 0.27321
-18.89864 0.27372
-18.94773 0.27422
-18.99681 0.27472
-19.04590 0.27522
-19.09498 0.27573
-19.14408 0.27623
-19.19318 0.27673
-19.24226 0.27723
-19.29135 0.27774
-19.34042 0.27824
-19.38951 0.27874
-19.43860 0.27924
-19.48769 0.27974
-19.53677 0.28025
-19.58586 0.28075
-19.63495 0.28125
-19.68404 0.28175
-19.73314 0.28225
-19.78223 0.28276
-19.83130 0.28326
-19.88039 0.28377
-19.92948 0.28426
-19.97858 0.28477
-20.02766 0.28526
-20.07674 0.28577
-20.12583 0.28627
-20.17492 0.28677
-20.22401 0.28728
-20.27308 0.28778
-20.32218 0.28828
-20.37126 0.28878
-20.42035 0.28929
-20.46945 0.28978
-20.51852 0.29029
-20.56763 0.29079
-20.61669 0.29130
-20.61670 0.29130
-20.66567 0.29179
-20.66579 0.29179
-20.71468 0.29230
-20.71488 0.29230
-20.76368 0.29280
-20.76397 0.29280
-20.81269 0.29330
-20.81305 0.29331
-20.86169 0.29380
-20.86214 0.29381
-20.91070 0.29430
-20.91122 0.29431
-20.95970 0.29480
-20.96032 0.29481
-21.00872 0.29530
-21.00939 0.29531
-21.05771 0.29580
-21.05848 0.29581
-21.10671 0.29630
-21.10757 0.29632
-21.15571 0.29680
-21.15666 0.29682
-21.20472 0.29730
-21.20575 0.29732
-21.25374 0.29780
-21.25483 0.29782
-21.30274 0.29830
-21.30392 0.29833
-21.35174 0.29881
-21.35301 0.29883
-21.40075 0.29931
-21.40210 0.29933
-21.44977 0.29980
-21.45119 0.29983
-21.49877 0.30031
-21.50027 0.30034
-21.54778 0.30081
-21.54937 0.30083
-21.59679 0.30131
-21.59846 0.30134
-21.64581 0.30181
-21.64755 0.30184
-21.69482 0.30231
-21.69663 0.30234
-21.74382 0.30281
-21.74571 0.30285
-21.79283 0.30332
-21.79481 0.30335
-21.84184 0.30382
-21.84388 0.30385
-21.89084 0.30431
-21.89298 0.30435
-21.93987 0.30481
-21.94207 0.30485
-21.98887 0.30532
-21.99115 0.30536
-22.03788 0.30582
-22.04023 0.30586
-22.08689 0.30632
-22.08932 0.30636
-22.13590 0.30682
-22.13842 0.30686
-22.18492 0.30732
-22.18750 0.30736
-22.23392 0.30782
-22.23659 0.30787
-22.28294 0.30832
-22.28567 0.30837
-22.33194 0.30882
-22.33477 0.30887
-22.38096 0.30933
-22.38384 0.30938
-22.42997 0.30983
-22.43294 0.30988
-22.47899 0.31033
-22.48203 0.31038
-22.52801 0.31083
-22.53112 0.31088
-22.57702 0.31133
-22.58019 0.31138
-22.62602 0.31183
-22.62930 0.31189
-22.67505 0.31233
-22.67838 0.31239
-22.72406 0.31283
-22.72745 0.31289
-22.77306 0.31333
-22.77655 0.31339
-22.82208 0.31383
-22.82563 0.31389
-22.87109 0.31434
-22.87473 0.31440
-22.92012 0.31483
-22.92381 0.31490
-22.96912 0.31534
-22.97290 0.31540
-23.01815 0.31584
-23.02198 0.31590
-23.06715 0.31633
-23.07108 0.31640
-23.11618 0.31683
-23.12016 0.31690
-23.16519 0.31734
-23.16926 0.31741
-23.21422 0.31784
-23.21834 0.31791
-23.26323 0.31834
-23.26743 0.31842
-23.31225 0.31884
-23.31650 0.31892
-23.36125 0.31934
-23.36560 0.31942
-23.41028 0.31984
-23.41468 0.31992
-23.45929 0.32034
-23.46377 0.32042
-23.50831 0.32085
-23.51285 0.32093
-23.55732 0.32135
-23.56194 0.32143
-23.60634 0.32185
-23.61102 0.32193
-23.65535 0.32235
-23.66013 0.32243
-23.70439 0.32285
-23.70921 0.32294
-23.75340 0.32335
-23.75830 0.32344
-23.80242 0.32385
-23.80739 0.32394
-23.85145 0.32435
-23.85646 0.32444
-23.90045 0.32486
-23.90556 0.32495
-23.94948 0.32536
-23.95465 0.32544
-23.99850 0.32586
-24.00374 0.32595
-24.04752 0.32636
-24.05281 0.32645
-24.09653 0.32686
-24.10190 0.32695
-24.14556 0.32736
-24.15098 0.32746
-24.19457 0.32786
-24.20008 0.32796
-24.24359 0.32836
-24.24917 0.32846
-24.29262 0.32886
-24.29825 0.32896
-24.34164 0.32936
-24.34734 0.32946
-24.39066 0.32986
-24.39642 0.32996
-24.43968 0.33037
-24.44551 0.33047
-24.48870 0.33087
-24.49461 0.33097
-24.53773 0.33137
-24.54369 0.33147
-24.58675 0.33187
-24.59277 0.33197
-24.63577 0.33237
-24.64187 0.33248
-24.68480 0.33287
-24.69096 0.33298
-24.73382 0.33338
-24.74004 0.33349
-24.78284 0.33388
-24.78914 0.33399
-24.83187 0.33438
-24.83823 0.33449
-24.88090 0.33488
-24.88731 0.33499
-24.92992 0.33538
-24.93639 0.33549
-24.97894 0.33588
-24.98548 0.33599
-25.02796 0.33638
-25.03456 0.33650
-25.07698 0.33688
-25.08365 0.33700
-25.12601 0.33738
-25.13274 0.33750
-25.17503 0.33788
-25.18183 0.33800
-25.22406 0.33838
-25.23091 0.33850
-25.27308 0.33888
-25.28000 0.33901
-25.32211 0.33939
-25.32909 0.33951
-25.37114 0.33989
-25.37817 0.34001
-25.42015 0.34039
-25.42726 0.34051
-25.46918 0.34089
-25.47636 0.34101
-25.51822 0.34139
-25.52544 0.34152
-25.56723 0.34190
-25.57453 0.34202
-25.61627 0.34240
-25.62361 0.34252
-25.66529 0.34290
-25.67270 0.34302
-25.71432 0.34339
-25.72179 0.34352
-25.76334 0.34390
-25.77087 0.34403
-25.81236 0.34440
-25.81997 0.34454
-25.86140 0.34490
-25.86905 0.34503
-25.91042 0.34540
-25.91814 0.34553
-25.95945 0.34590
-25.96723 0.34604
-26.00848 0.34640
-26.01631 0.34654
-26.05750 0.34691
-26.06540 0.34705
-26.10653 0.34741
-26.11449 0.34754
-26.15556 0.34790
-26.16358 0.34804
-26.20460 0.34841
-26.21266 0.34855
-26.25361 0.34891
-26.26176 0.34905
-26.30265 0.34941
-26.31083 0.34955
-26.35167 0.34991
-26.35993 0.35006
-26.40071 0.35042
-26.40901 0.35056
-26.44973 0.35092
-26.45810 0.35106
-26.49877 0.35142
-26.50719 0.35156
-26.54779 0.35192
-26.55628 0.35207
-26.59683 0.35242
-26.60536 0.35257
-26.64585 0.35292
-26.65446 0.35307
-26.69489 0.35342
-26.70354 0.35357
-26.74391 0.35392
-26.75262 0.35408
-26.79294 0.35443
-26.80172 0.35458
-26.84198 0.35493
-26.85080 0.35508
-26.89100 0.35543
-26.89989 0.35558
-26.94004 0.35593
-26.94897 0.35609
-26.98906 0.35643
-26.99807 0.35658
-27.03811 0.35693
-27.04715 0.35709
-27.08713 0.35743
-27.09623 0.35759
-27.13615 0.35794
-27.14533 0.35810
-27.18519 0.35843
-27.19442 0.35859
-27.23423 0.35894
-27.24350 0.35910
-27.28326 0.35943
-27.29258 0.35959
-27.33228 0.35994
-27.34168 0.36010
-27.38132 0.36044
-27.39076 0.36060
-27.43035 0.36094
-27.43984 0.36111
-27.47937 0.36144
-27.48894 0.36160
-27.52842 0.36194
-27.53802 0.36211
-27.57745 0.36244
-27.58711 0.36261
-27.62648 0.36295
-27.63620 0.36312
-27.67552 0.36345
-27.68529 0.36362
-27.72455 0.36395
-27.73438 0.36412
-27.77358 0.36445
-27.78346 0.36462
-27.82262 0.36495
-27.83255 0.36512
-27.87165 0.36545
-27.88163 0.36563
-27.92067 0.36595
-27.93072 0.36612
-27.96972 0.36645
-27.97981 0.36663
-28.01875 0.36696
-28.02889 0.36713
-28.06778 0.36746
-28.07799 0.36764
-28.11682 0.36796
-28.12708 0.36813
-28.16586 0.36846
-28.17615 0.36864
-28.21488 0.36896
-28.22524 0.36914
-28.26392 0.36946
-28.27433 0.36964
-28.31296 0.36996
-28.32343 0.37015
-28.36200 0.37047
-28.37250 0.37065
-28.41102 0.37097
-28.42159 0.37115
-28.46006 0.37147
-28.47069 0.37165
-28.50910 0.37197
-28.51978 0.37215
-28.55814 0.37247
-28.56887 0.37265
-28.60718 0.37297
-28.61795 0.37316
-28.65621 0.37347
-28.66703 0.37366
-28.70524 0.37398
-28.71612 0.37417
-28.75428 0.37448
-28.76520 0.37467
-28.80331 0.37498
-28.81429 0.37517
-28.85234 0.37548
-28.86339 0.37567
-28.90140 0.37598
-28.91247 0.37617
-28.95043 0.37648
-28.96156 0.37667
-28.99946 0.37698
-29.01063 0.37718
-29.04849 0.37748
-29.05973 0.37768
-29.09754 0.37798
-29.10882 0.37818
-29.14657 0.37849
-29.15791 0.37869
-29.19561 0.37899
-29.20700 0.37918
-29.24465 0.37949
-29.25608 0.37969
-29.29369 0.37999
-29.30517 0.38019
-29.34272 0.38049
-29.35426 0.38069
-29.39176 0.38099
-29.40335 0.38119
-29.44080 0.38150
-29.45243 0.38170
-29.48983 0.38200
-29.50152 0.38220
-29.53888 0.38250
-29.55060 0.38270
-29.58791 0.38300
-29.59969 0.38321
-29.63695 0.38350
-29.64878 0.38371
-29.68599 0.38400
-29.69788 0.38421
-29.73504 0.38450
-29.74696 0.38471
-29.78407 0.38501
-29.79605 0.38521
-29.83311 0.38551
-29.84513 0.38571
-29.88215 0.38601
-29.89422 0.38622
-29.93119 0.38651
-29.94331 0.38672
-29.98023 0.38701
-29.99239 0.38722
-30.02926 0.38751
-30.04149 0.38772
-30.07831 0.38801
-30.09056 0.38823
-30.12734 0.38851
-30.13966 0.38872
-30.17639 0.38902
-30.18874 0.38923
-30.22543 0.38952
-30.23783 0.38973
-30.27446 0.39002
-30.28693 0.39023
-30.32352 0.39052
-30.33600 0.39074
-30.37255 0.39102
-30.38509 0.39124
-30.42158 0.39152
-30.43418 0.39174
-30.47063 0.39202
-30.48327 0.39224
-30.51967 0.39252
-30.53236 0.39274
-30.56872 0.39303
-30.58143 0.39325
-30.61774 0.39353
-30.63053 0.39375
-30.66679 0.39403
-30.67961 0.39425
-30.71583 0.39453
-30.72871 0.39475
-30.76488 0.39503
-30.77778 0.39526
-30.81391 0.39553
-30.82688 0.39576
-30.86296 0.39604
-30.87596 0.39626
-30.91200 0.39654
-30.92505 0.39676
-30.96104 0.39704
-30.97414 0.39726
-31.01009 0.39754
-31.02323 0.39777
-31.05912 0.39804
-31.07232 0.39827
-31.10817 0.39854
-31.12140 0.39877
-31.15721 0.39904
-31.17049 0.39927
-31.20626 0.39954
-31.21958 0.39977
-31.25529 0.40005
-31.26866 0.40028
-31.30433 0.40055
-31.31775 0.40078
-31.35337 0.40105
-31.36683 0.40128
-31.40242 0.40155
-31.41593 0.40179
-31.45147 0.40205
-31.46502 0.40228
-31.50052 0.40255
-31.51410 0.40279
-31.54955 0.40306
-31.56320 0.40329
-31.59860 0.40356
-31.61228 0.40379
-31.64764 0.40406
-31.66136 0.40429
-31.69668 0.40456
-31.71045 0.40480
-31.74572 0.40506
-31.75954 0.40530
-31.79477 0.40556
-31.80862 0.40580
-31.84381 0.40606
-31.85772 0.40630
-31.89287 0.40657
-31.90681 0.40681
-31.94191 0.40707
-31.95589 0.40731
-31.99094 0.40757
-32.00498 0.40782
-32.03999 0.40807
-32.05406 0.40832
-32.08904 0.40857
-32.10315 0.40882
-32.13808 0.40907
-32.15223 0.40932
-32.18712 0.40957
-32.20132 0.40982
-32.23617 0.41007
-32.25041 0.41032
-32.28521 0.41058
-32.29949 0.41083
-32.33425 0.41108
-32.34858 0.41133
-32.38330 0.41158
-32.39767 0.41183
-32.43235 0.41208
-32.44677 0.41233
-32.48140 0.41258
-32.49585 0.41283
-32.53044 0.41308
-32.54494 0.41333
-32.57949 0.41358
-32.59402 0.41384
-32.62852 0.41409
-32.64312 0.41434
-32.67758 0.41459
-32.69220 0.41484
-32.72662 0.41509
-32.74129 0.41535
-32.77567 0.41559
-32.79037 0.41585
-32.82471 0.41609
-32.83946 0.41635
-32.87376 0.41659
-32.88855 0.41685
-32.92281 0.41709
-32.93764 0.41735
-32.97185 0.41760
-32.98672 0.41786
-33.02090 0.41810
-33.03581 0.41836
-33.06995 0.41860
-33.08490 0.41886
-33.11899 0.41910
-33.13399 0.41936
-33.16804 0.41961
-33.18308 0.41987
-33.21709 0.42011
-33.23216 0.42037
-33.26613 0.42061
-33.28124 0.42087
-33.31517 0.42111
-33.33034 0.42137
-33.36423 0.42161
-33.37942 0.42188
-33.41327 0.42211
-33.42852 0.42238
-33.46233 0.42261
-33.47760 0.42288
-33.51137 0.42312
-33.52669 0.42339
-33.56041 0.42362
-33.57577 0.42389
-33.60946 0.42412
-33.62486 0.42439
-33.65851 0.42462
-33.67394 0.42489
-33.70755 0.42512
-33.72303 0.42539
-33.75660 0.42562
-33.77212 0.42589
-33.80565 0.42612
-33.82120 0.42639
-33.85470 0.42662
-33.87029 0.42690
-33.90374 0.42713
-33.91939 0.42740
-33.95280 0.42763
-33.96847 0.42790
-34.00184 0.42813
-34.01756 0.42841
-34.05090 0.42863
-34.06665 0.42891
-34.09994 0.42913
-34.11574 0.42941
-34.14899 0.42964
-34.16482 0.42991
-34.19803 0.43014
-34.21391 0.43041
-34.24709 0.43064
-34.26300 0.43091
-34.29614 0.43114
-34.31207 0.43142
-34.34518 0.43164
-34.36117 0.43192
-34.39423 0.43214
-34.41026 0.43242
-34.44328 0.43265
-34.45934 0.43293
-34.49233 0.43315
-34.50844 0.43343
-34.54139 0.43365
-34.55752 0.43393
-34.59043 0.43415
-34.60660 0.43443
-34.63947 0.43465
-34.65569 0.43493
-34.68852 0.43515
-34.70478 0.43543
-34.73758 0.43566
-34.75387 0.43594
-34.78663 0.43615
-34.80295 0.43644
-34.83567 0.43666
-34.85204 0.43694
-34.88472 0.43716
-34.90113 0.43744
-34.93378 0.43766
-34.95022 0.43794
-34.98283 0.43816
-34.99932 0.43845
-35.03189 0.43866
-35.04839 0.43895
-35.08093 0.43916
-35.09748 0.43945
-35.12998 0.43967
-35.14658 0.43995
-35.17904 0.44017
-35.19565 0.44046
-35.22808 0.44067
-35.24475 0.44096
-35.27713 0.44117
-35.29383 0.44146
-35.32618 0.44167
-35.34292 0.44196
-35.37523 0.44217
-35.39200 0.44246
-35.42428 0.44268
-35.44110 0.44297
-35.47334 0.44318
-35.49017 0.44347
-35.52238 0.44368
-35.53927 0.44397
-35.57144 0.44418
-35.58836 0.44448
-35.62049 0.44469
-35.63744 0.44498
-35.66953 0.44518
-35.68653 0.44548
-35.71859 0.44569
-35.73562 0.44598
-35.76764 0.44619
-35.78471 0.44648
-35.81669 0.44669
-35.83380 0.44699
-35.86575 0.44719
-35.88288 0.44749
-35.91480 0.44769
-35.93196 0.44799
-35.96384 0.44819
-35.98105 0.44849
-36.01290 0.44870
-36.03015 0.44900
-36.06195 0.44920
-36.07923 0.44950
-36.11100 0.44970
-36.12832 0.45000
-36.16005 0.45020
-36.17741 0.45050
-36.20911 0.45070
-36.22649 0.45101
-36.25816 0.45121
-36.27558 0.45151
-36.30721 0.45170
-36.32467 0.45201
-36.35627 0.45221
-36.37375 0.45251
-36.40531 0.45271
-36.42283 0.45301
-36.45436 0.45321
-36.47193 0.45352
-36.50342 0.45371
-36.52101 0.45402
-36.55247 0.45421
-36.57011 0.45452
-36.60153 0.45471
-36.61918 0.45502
-36.65057 0.45521
-36.66828 0.45552
-36.69963 0.45572
-36.71737 0.45603
-36.74869 0.45622
-36.76646 0.45653
-36.79774 0.45672
-36.81553 0.45703
-36.84678 0.45722
-36.86462 0.45753
-36.89584 0.45772
-36.91371 0.45803
-36.94489 0.45823
-36.96280 0.45854
-36.99395 0.45873
-37.01188 0.45904
-37.04300 0.45923
-37.06097 0.45954
-37.09205 0.45973
-37.11007 0.46004
-37.14111 0.46023
-37.15914 0.46055
-37.19015 0.46073
-37.20824 0.46105
-37.23922 0.46123
-37.25733 0.46155
-37.28827 0.46174
-37.30641 0.46205
-37.33732 0.46224
-37.35550 0.46255
-37.38638 0.46274
-37.40458 0.46306
-37.43543 0.46325
-37.45368 0.46356
-37.48449 0.46374
-37.50276 0.46406
-37.53353 0.46424
-37.55185 0.46456
-37.58260 0.46475
-37.60093 0.46507
-37.63164 0.46525
-37.65003 0.46557
-37.68070 0.46575
-37.69911 0.46607
-37.72976 0.46625
-37.74820 0.46658
-37.77881 0.46676
-37.79728 0.46708
-37.82786 0.46725
-37.84637 0.46758
-37.87692 0.46776
-37.89547 0.46808
-37.92598 0.46826
-37.94455 0.46859
-37.97503 0.46876
-37.99364 0.46909
-38.02409 0.46926
-38.04273 0.46959
-38.07314 0.46976
-38.09180 0.47009
-38.12219 0.47027
-38.14091 0.47059
-38.17126 0.47077
-38.18999 0.47109
-38.22031 0.47127
-38.23908 0.47160
-38.26936 0.47177
-38.28816 0.47210
-38.31842 0.47227
-38.33725 0.47260
-38.36747 0.47278
-38.38634 0.47311
-38.41653 0.47328
-38.43542 0.47361
-38.46558 0.47378
-38.48451 0.47410
-38.51464 0.47428
-38.53360 0.47461
-38.56369 0.47478
-38.58268 0.47511
-38.61274 0.47528
-38.63177 0.47561
-38.66180 0.47578
-38.68087 0.47612
-38.71086 0.47629
-38.72995 0.47662
-38.75992 0.47679
-38.77903 0.47712
-38.80897 0.47729
-38.82813 0.47762
-38.85803 0.47779
-38.87721 0.47812
-38.90708 0.47829
-38.92630 0.47863
-38.95614 0.47880
-38.97538 0.47913
-39.00519 0.47930
-39.02447 0.47963
-39.05425 0.47980
-39.07355 0.48013
-39.10330 0.48030
-39.12265 0.48064
-39.15237 0.48080
-39.17174 0.48114
-39.20142 0.48130
-39.22081 0.48164
-39.25047 0.48180
-39.26991 0.48214
-39.29953 0.48231
-39.31900 0.48265
-39.34860 0.48281
-39.36808 0.48315
-39.39765 0.48331
-39.41717 0.48365
-39.44670 0.48381
-39.46625 0.48415
-39.49575 0.48431
-39.51535 0.48465
-39.54482 0.48481
-39.56444 0.48516
-39.59388 0.48532
-39.61352 0.48566
-39.64293 0.48582
-39.66260 0.48616
-39.69198 0.48632
-39.71170 0.48666
-39.74105 0.48682
-39.76078 0.48717
-39.79010 0.48733
-39.80988 0.48767
-39.83916 0.48783
-39.85896 0.48817
-39.88822 0.48833
-39.90804 0.48867
-39.93727 0.48883
-39.95713 0.48917
-39.98633 0.48933
-40.00622 0.48968
-40.03539 0.48983
-40.05531 0.49018
-40.08444 0.49033
-40.10439 0.49068
-40.13350 0.49084
-40.15349 0.49118
-40.18257 0.49134
-40.20257 0.49169
-40.23162 0.49184
-40.25166 0.49218
-40.28068 0.49234
-40.30074 0.49269
-40.32973 0.49284
-40.34984 0.49319
-40.37880 0.49334
-40.39892 0.49369
-40.42785 0.49385
-40.44800 0.49420
-40.47691 0.49435
-40.49709 0.49470
-40.52597 0.49485
-40.54618 0.49520
-40.57502 0.49535
-40.59528 0.49570
-40.62409 0.49585
-40.64435 0.49621
-40.67314 0.49635
-40.69345 0.49670
-40.72220 0.49685
-40.74253 0.49721
-40.77126 0.49736
-40.79162 0.49771
-40.82032 0.49786
-40.84070 0.49821
-40.86937 0.49836
-40.88979 0.49872
-40.91843 0.49886
-40.93887 0.49922
-40.96748 0.49937
-40.98796 0.49972
-41.01654 0.49987
-41.03705 0.50023
-41.06560 0.50037
-41.08614 0.50073
-41.11466 0.50087
-41.13523 0.50123
-41.16373 0.50137
-41.18432 0.50173
-41.21279 0.50187
-41.23340 0.50223
-41.26184 0.50237
-41.28250 0.50273
-41.31091 0.50288
-41.33157 0.50323
-41.35996 0.50338
-41.38066 0.50374
-41.40902 0.50388
-41.42975 0.50424
-41.45808 0.50439
-41.47885 0.50475
-41.50714 0.50488
-41.52793 0.50524
-41.55620 0.50539
-41.57702 0.50575
-41.60526 0.50589
-41.62610 0.50625
-41.65432 0.50639
-41.67519 0.50675
-41.70338 0.50689
-41.72428 0.50726
-41.75244 0.50739
-41.77337 0.50776
-41.80150 0.50789
-41.82245 0.50826
-41.85056 0.50840
-41.87154 0.50876
-41.89961 0.50890
-41.92063 0.50926
-41.94867 0.50940
-41.96972 0.50976
-41.99774 0.50990
-42.01880 0.51027
-42.04680 0.51041
-42.06789 0.51077
-42.09586 0.51091
-42.11698 0.51127
-42.14491 0.51141
-42.16607 0.51177
-42.19398 0.51191
-42.21515 0.51228
-42.24303 0.51241
-42.26423 0.51278
-42.29209 0.51291
-42.31333 0.51328
-42.34116 0.51341
-42.36242 0.51378
-42.39022 0.51392
-42.41150 0.51429
-42.43927 0.51442
-42.46058 0.51479
-42.48833 0.51492
-42.50968 0.51529
-42.53740 0.51542
-42.55877 0.51579
-42.58646 0.51592
-42.60785 0.51629
-42.63551 0.51642
-42.65694 0.51679
-42.68458 0.51692
-42.70603 0.51730
-42.73364 0.51743
-42.75511 0.51780
-42.78270 0.51793
-42.80419 0.51830
-42.83175 0.51843
-42.85329 0.51881
-42.88083 0.51893
-42.90238 0.51931
-42.92988 0.51943
-42.95146 0.51981
-42.97894 0.51994
-43.00055 0.52031
-43.02801 0.52044
-43.04964 0.52081
-43.07707 0.52094
-43.09872 0.52132
-43.12612 0.52144
-43.14782 0.52182
-43.17519 0.52194
-43.19690 0.52232
-43.22425 0.52244
-43.24598 0.52282
-43.27331 0.52295
-43.29508 0.52332
-43.32237 0.52345
-43.34416 0.52383
-43.37143 0.52395
-43.39325 0.52433
-43.42049 0.52445
-43.44233 0.52483
-43.46955 0.52496
-43.49142 0.52534
-43.51861 0.52546
-43.54051 0.52583
-43.56768 0.52596
-43.58960 0.52634
-43.61673 0.52646
-43.63869 0.52684
-43.66580 0.52696
-43.68777 0.52734
-43.71486 0.52746
-43.73686 0.52785
-43.76392 0.52796
-43.78594 0.52835
-43.81298 0.52847
-43.83503 0.52885
-43.86204 0.52897
-43.88412 0.52936
-43.91111 0.52947
-43.93321 0.52985
-43.96017 0.52997
-43.98230 0.53036
-44.00923 0.53048
-44.03139 0.53086
-44.05830 0.53098
-44.08048 0.53136
-44.10736 0.53148
-44.12956 0.53186
-44.15642 0.53198
-44.17864 0.53236
-44.20547 0.53248
-44.22774 0.53287
-44.25454 0.53299
-44.27682 0.53337
-44.30360 0.53349
-44.32591 0.53387
-44.35267 0.53399
-44.37500 0.53438
-44.40173 0.53449
-44.42409 0.53488
-44.45080 0.53499
-44.47317 0.53538
-44.49985 0.53549
-44.52226 0.53588
-44.54891 0.53599
-44.57135 0.53638
-44.59798 0.53649
-44.62043 0.53688
-44.64704 0.53700
-44.66952 0.53739
-44.69610 0.53750
-44.71861 0.53789
-44.74517 0.53800
-44.76770 0.53839
-44.79423 0.53850
-44.81678 0.53889
-44.84329 0.53900
-44.86586 0.53940
-44.89234 0.53950
-44.91496 0.53990
-44.94142 0.54001
-44.96405 0.54040
-44.99048 0.54051
-45.01314 0.54090
-45.03954 0.54101
-45.06223 0.54141
-45.08861 0.54151
-45.11131 0.54191
-45.13767 0.54201
-45.16039 0.54241
-45.18673 0.54252
-45.20949 0.54291
-45.23580 0.54302
-45.25857 0.54341
-45.28486 0.54352
-45.30765 0.54392
-45.33391 0.54402
-45.35674 0.54442
-45.38298 0.54452
-45.40583 0.54492
-45.43204 0.54503
-45.45491 0.54543
-45.48110 0.54553
-45.50401 0.54593
-45.53017 0.54603
-45.55309 0.54643
-45.57923 0.54653
-45.60218 0.54693
-45.62830 0.54704
-45.65127 0.54744
-45.67736 0.54754
-45.70036 0.54794
-45.72643 0.54804
-45.74944 0.54844
-45.77549 0.54854
-45.79853 0.54894
-45.82455 0.54904
-45.84761 0.54944
-45.87361 0.54955
-45.89670 0.54995
-45.92268 0.55005
-45.94580 0.55044
-45.97175 0.55055
-45.99489 0.55095
-46.02081 0.55105
-46.04396 0.55145
-46.06987 0.55155
-46.09305 0.55195
-46.11893 0.55205
-46.14214 0.55246
-46.16800 0.55256
-46.19123 0.55296
-46.21706 0.55306
-46.24032 0.55346
-46.26613 0.55356
-46.28941 0.55396
-46.31520 0.55406
-46.33849 0.55446
-46.36425 0.55456
-46.38758 0.55496
-46.41331 0.55506
-46.43667 0.55547
-46.46239 0.55556
-46.48575 0.55597
-46.51144 0.55607
-46.53485 0.55647
-46.56052 0.55657
-46.58393 0.55698
-46.60958 0.55707
-46.63302 0.55748
-46.65864 0.55757
-46.68211 0.55798
-46.70771 0.55807
-46.73119 0.55848
-46.75677 0.55858
-46.78028 0.55898
-46.80584 0.55907
-46.82937 0.55948
-46.85490 0.55958
-46.87846 0.55999
-46.90397 0.56008
-46.92755 0.56049
-46.95303 0.56058
-46.97663 0.56099
-47.00209 0.56109
-47.02572 0.56150
-47.05116 0.56159
-47.07480 0.56200
-47.10022 0.56209
-47.12389 0.56250
-47.14928 0.56259
-47.17298 0.56300
-47.19836 0.56309
-47.22207 0.56351
-47.24742 0.56359
-47.27115 0.56400
-47.29648 0.56410
-47.32024 0.56451
-47.34554 0.56460
-47.36933 0.56501
-47.39461 0.56510
-47.41841 0.56551
-47.44367 0.56560
-47.46750 0.56602
-47.49274 0.56610
-47.51659 0.56652
-47.54181 0.56661
-47.56568 0.56702
-47.59088 0.56711
-47.61477 0.56752
-47.63994 0.56761
-47.66385 0.56803
-47.68899 0.56811
-47.71294 0.56853
-47.73806 0.56861
-47.76203 0.56903
-47.78713 0.56912
-47.81111 0.56953
-47.83619 0.56962
-47.86021 0.57003
-47.88527 0.57012
-47.90929 0.57053
-47.93433 0.57062
-47.95838 0.57104
-47.98339 0.57112
-48.00747 0.57154
-48.03246 0.57162
-48.05655 0.57204
-48.08153 0.57212
-48.10564 0.57254
-48.13059 0.57263
-48.15472 0.57305
-48.17965 0.57313
-48.20381 0.57355
-48.22872 0.57363
-48.25290 0.57405
-48.27779 0.57413
-48.30199 0.57456
-48.32685 0.57464
-48.35108 0.57506
-48.37592 0.57514
-48.40016 0.57556
-48.42497 0.57564
-48.44925 0.57606
-48.47405 0.57614
-48.49834 0.57656
-48.52312 0.57664
-48.54743 0.57707
-48.57218 0.57715
-48.59651 0.57757
-48.62124 0.57765
-48.64560 0.57807
-48.67031 0.57815
-48.69469 0.57857
-48.71938 0.57865
-48.74377 0.57908
-48.76844 0.57915
-48.79286 0.57958
-48.81751 0.57965
-48.84195 0.58008
-48.86657 0.58015
-48.89103 0.58058
-48.91564 0.58066
-48.94012 0.58109
-48.96471 0.58116
-48.98922 0.58159
-49.01378 0.58166
-49.03830 0.58208
-49.06284 0.58216
-49.08736 0.58259
-49.08739 0.58259
-49.11191 0.58267
-49.13641 0.58309
-49.13648 0.58309
-49.16098 0.58317
-49.18545 0.58359
-49.18556 0.58360
-49.21004 0.58367
-49.23450 0.58409
-49.23465 0.58409
-49.25911 0.58417
-49.28354 0.58460
-49.28373 0.58460
-49.30817 0.58467
-49.33258 0.58509
-49.33282 0.58510
-49.35724 0.58517
-49.38163 0.58560
-49.38190 0.58560
-49.40630 0.58568
-49.43067 0.58610
-49.43100 0.58611
-49.45537 0.58618
-49.47972 0.58660
-49.48008 0.58661
-49.50444 0.58668
-49.52877 0.58710
-49.52917 0.58711
-49.55351 0.58718
-49.57782 0.58760
-49.57826 0.58761
-49.60257 0.58768
-49.62686 0.58810
-49.62735 0.58811
-49.65164 0.58818
-49.67591 0.58860
-49.67644 0.58861
-49.70071 0.58869
-49.72495 0.58911
-49.72553 0.58912
-49.74978 0.58919
-49.77400 0.58961
-49.77461 0.58962
-49.79884 0.58969
-49.82305 0.59011
-49.82370 0.59012
-49.84791 0.59019
-49.87209 0.59061
-49.87278 0.59062
-49.89697 0.59069
-49.92114 0.59111
-49.92187 0.59113
-49.94604 0.59120
-49.97018 0.59161
-49.97096 0.59163
-49.99510 0.59170
-50.01923 0.59211
-50.02004 0.59213
-50.04417 0.59220
-50.06827 0.59262
-50.06914 0.59264
-50.09324 0.59270
-50.11733 0.59311
-50.11822 0.59313
-50.14231 0.59320
-50.16637 0.59361
-50.16731 0.59364
-50.19137 0.59370
-50.21542 0.59411
-50.21640 0.59414
-50.24044 0.59421
-50.26447 0.59462
-50.26548 0.59464
-50.28951 0.59471
-50.31351 0.59512
-50.31457 0.59515
-50.33857 0.59521
-50.36255 0.59562
-50.36366 0.59565
-50.38764 0.59571
-50.41161 0.59612
-50.41274 0.59615
-50.43670 0.59622
-50.46065 0.59662
-50.46183 0.59665
-50.48577 0.59672
-50.50970 0.59712
-50.51093 0.59715
-50.53485 0.59722
-50.55875 0.59763
-50.56001 0.59766
-50.58391 0.59772
-50.60780 0.59813
-50.60910 0.59816
-50.63298 0.59822
-50.65684 0.59863
-50.65818 0.59866
-50.68205 0.59873
-50.70589 0.59913
-50.70727 0.59916
-50.73112 0.59923
-50.75494 0.59963
-50.75635 0.59966
-50.78018 0.59973
-50.80398 0.60013
-50.80545 0.60017
-50.82925 0.60023
-50.85303 0.60063
-50.85453 0.60067
-50.87832 0.60073
-50.90208 0.60113
-50.90362 0.60117
-50.92738 0.60123
-50.95112 0.60164
-50.95271 0.60168
-50.97645 0.60174
-51.00018 0.60214
-51.00179 0.60218
-51.02552 0.60224
-51.04922 0.60264
-51.05088 0.60268
-51.07458 0.60274
-51.09827 0.60314
-51.09997 0.60318
-51.12365 0.60324
-51.14732 0.60364
-51.14905 0.60368
-51.17272 0.60374
-51.19636 0.60414
-51.19814 0.60419
-51.22178 0.60424
-51.24541 0.60464
-51.24723 0.60468
-51.27086 0.60474
-51.29446 0.60514
-51.29632 0.60519
-51.31992 0.60525
-51.34351 0.60564
-51.34540 0.60569
-51.36899 0.60575
-51.39256 0.60615
-51.39450 0.60619
-51.41806 0.60625
-51.44161 0.60665
-51.44358 0.60670
-51.46713 0.60676
-51.49066 0.60715
-51.49267 0.60720
-51.51620 0.60726
-51.53971 0.60765
-51.54175 0.60770
-51.56526 0.60776
-51.58875 0.60815
-51.59085 0.60820
-51.61433 0.60826
-51.63781 0.60865
-51.63993 0.60870
-51.66340 0.60876
-51.68685 0.60916
-51.68901 0.60921
-51.71246 0.60926
-51.73589 0.60965
-51.73810 0.60971
-51.76153 0.60977
-51.78494 0.61016
-51.78719 0.61021
-51.81060 0.61027
-51.83399 0.61066
-51.83628 0.61071
-51.85967 0.61077
-51.88304 0.61116
-51.88537 0.61121
-51.90874 0.61127
-51.93210 0.61166
-51.93445 0.61172
-51.95780 0.61177
-51.98114 0.61216
-51.98354 0.61222
-52.00687 0.61227
-52.03019 0.61266
-52.03263 0.61272
-52.05594 0.61278
-52.07924 0.61317
-52.08171 0.61323
-52.10501 0.61328
-52.12829 0.61367
-52.13081 0.61373
-52.15408 0.61378
-52.17734 0.61416
-52.17989 0.61423
-52.20315 0.61428
-52.22639 0.61467
-52.22898 0.61473
-52.25222 0.61478
-52.27544 0.61517
-52.27807 0.61523
-52.30129 0.61529
-52.32449 0.61567
-52.32716 0.61573
-52.35036 0.61579
-52.37354 0.61617
-52.37624 0.61624
-52.39942 0.61629
-52.42258 0.61667
-52.42533 0.61674
-52.44849 0.61679
-52.47164 0.61717
-52.47442 0.61724
-52.49756 0.61729
-52.52069 0.61767
-52.52350 0.61774
-52.54663 0.61780
-52.56974 0.61818
-52.57259 0.61825
-52.59570 0.61830
-52.61879 0.61868
-52.62168 0.61875
-52.64476 0.61880
-52.66784 0.61918
-52.67076 0.61925
-52.69383 0.61930
-52.71689 0.61969
-52.71985 0.61976
-52.74290 0.61981
-52.76593 0.62018
-52.76894 0.62025
-52.79197 0.62031
-52.81498 0.62069
-52.81802 0.62076
-52.84104 0.62081
-52.86403 0.62118
-52.86711 0.62126
-52.89011 0.62131
-52.91308 0.62169
-52.91619 0.62176
-52.93917 0.62181
-52.96213 0.62219
-52.96529 0.62226
-52.98825 0.62231
-53.01119 0.62269
-53.01438 0.62277
-53.03732 0.62282
-53.06024 0.62319
-53.06347 0.62327
-53.08639 0.62332
-53.10929 0.62369
-53.11255 0.62377
-53.13545 0.62382
-53.15834 0.62419
-53.16164 0.62427
-53.18452 0.62432
-53.20739 0.62469
-53.21073 0.62478
-53.23359 0.62482
-53.25644 0.62520
-53.25981 0.62528
-53.28266 0.62533
-53.30549 0.62570
-53.30890 0.62578
-53.33173 0.62583
-53.35454 0.62620
-53.35799 0.62628
-53.38080 0.62633
-53.40359 0.62670
-53.40708 0.62679
-53.42987 0.62683
-53.45264 0.62720
-53.45616 0.62729
-53.47893 0.62733
-53.50169 0.62770
-53.50525 0.62779
-53.52801 0.62783
-53.55075 0.62821
-53.55434 0.62829
-53.57708 0.62834
-53.59980 0.62871
-53.60342 0.62880
-53.62614 0.62884
-53.64885 0.62921
-53.65251 0.62930
-53.67521 0.62934
-53.69790 0.62971
-53.70160 0.62980
-53.72428 0.62984
-53.74695 0.63021
-53.75069 0.63030
-53.77335 0.63034
-53.79600 0.63071
-53.79978 0.63080
-53.82242 0.63085
-53.84506 0.63121
-53.84887 0.63131
-53.87150 0.63135
-53.89411 0.63172
-53.89795 0.63181
-53.92056 0.63185
-53.94316 0.63221
-53.94704 0.63231
-53.96963 0.63235
-53.99221 0.63272
-53.99612 0.63281
-54.01870 0.63285
-54.04126 0.63322
-54.04521 0.63332
-54.06776 0.63336
-54.09031 0.63372
-54.09429 0.63382
-54.11683 0.63386
-54.13935 0.63422
-54.14339 0.63432
-54.16591 0.63436
-54.18842 0.63472
-54.19247 0.63482
-54.21498 0.63486
-54.23747 0.63522
-54.24156 0.63532
-54.26405 0.63536
-54.28652 0.63572
-54.29065 0.63583
-54.31311 0.63586
-54.33557 0.63622
-54.33974 0.63632
-54.36219 0.63637
-54.38462 0.63673
-54.38882 0.63683
-54.41125 0.63687
-54.43367 0.63723
-54.43791 0.63733
-54.46032 0.63737
-54.48272 0.63773
-54.48700 0.63784
-54.50940 0.63787
-54.53178 0.63823
-54.53609 0.63834
-54.55847 0.63837
-54.58083 0.63873
-54.58517 0.63884
-54.60753 0.63888
-54.62988 0.63924
-54.63426 0.63934
-54.65661 0.63938
-54.67894 0.63974
-54.68335 0.63984
-54.70568 0.63988
-54.72799 0.64024
-54.73243 0.64035
-54.75474 0.64038
-54.77704 0.64074
-54.78153 0.64085
-54.80382 0.64088
-54.82609 0.64124
-54.83061 0.64135
-54.85288 0.64139
-54.87514 0.64174
-54.87969 0.64186
-54.90195 0.64189
-54.92419 0.64224
-54.92878 0.64235
-54.95102 0.64239
-54.97325 0.64274
-54.97787 0.64286
-55.00009 0.64289
-55.02230 0.64325
-55.02696 0.64336
-55.04917 0.64340
-55.07136 0.64375
-55.07604 0.64386
-55.09823 0.64390
-55.12040 0.64425
-55.12514 0.64437
-55.14731 0.64440
-55.16946 0.64475
-55.17422 0.64487
-55.19637 0.64490
-55.21851 0.64525
-55.22331 0.64537
-55.24545 0.64540
-55.26757 0.64575
-55.27240 0.64587
-55.29451 0.64590
-55.31662 0.64625
-55.32149 0.64637
-55.34359 0.64641
-55.36567 0.64676
-55.37057 0.64688
-55.39266 0.64691
-55.41473 0.64726
-55.41966 0.64738
-55.44173 0.64741
-55.46378 0.64776
-55.46874 0.64788
-55.49079 0.64791
-55.51283 0.64826
-55.51783 0.64838
-55.53987 0.64841
-55.56189 0.64876
-55.56692 0.64888
-55.58893 0.64892
-55.61094 0.64926
-55.61600 0.64939
-55.63800 0.64942
-55.65999 0.64976
-55.66509 0.64989
-55.68708 0.64992
-55.70905 0.65027
-55.71419 0.65039
-55.73615 0.65042
-55.75810 0.65077
-55.76327 0.65089
-55.78522 0.65092
-55.80715 0.65127
-55.81236 0.65139
-55.83429 0.65142
-55.85620 0.65177
-55.86144 0.65189
-55.88336 0.65193
-55.90526 0.65227
-55.91053 0.65240
-55.93243 0.65243
-55.95431 0.65278
-55.95962 0.65291
-55.98150 0.65293
-56.00337 0.65327
-56.00871 0.65340
-56.03057 0.65343
-56.05242 0.65377
-56.05779 0.65391
-56.07964 0.65393
-56.10147 0.65427
-56.10689 0.65441
-56.12872 0.65444
-56.15053 0.65478
-56.15597 0.65491
-56.17778 0.65494
-56.19958 0.65528
-56.20506 0.65541
-56.22686 0.65544
-56.24864 0.65578
-56.25415 0.65591
-56.27593 0.65594
-56.29769 0.65628
-56.30324 0.65641
-56.32500 0.65644
-56.34675 0.65678
-56.35232 0.65692
-56.37407 0.65695
-56.39580 0.65729
-56.40141 0.65742
-56.42313 0.65745
-56.44485 0.65779
-56.45050 0.65793
-56.47221 0.65795
-56.49391 0.65829
-56.49958 0.65843
-56.52128 0.65845
-56.54296 0.65879
-56.54867 0.65893
-56.57035 0.65895
-56.59202 0.65929
-56.59776 0.65943
-56.61942 0.65946
-56.64107 0.65979
-56.64684 0.65993
-56.66849 0.65996
-56.69013 0.66029
-56.69593 0.66043
-56.71756 0.66046
-56.73918 0.66079
-56.74502 0.66094
-56.76663 0.66096
-56.78824 0.66129
-56.79410 0.66144
-56.81570 0.66146
-56.83729 0.66179
-56.84319 0.66194
-56.86477 0.66196
-56.88634 0.66230
-56.89228 0.66245
-56.91385 0.66247
-56.93540 0.66280
-56.94137 0.66295
-56.96292 0.66297
-56.98445 0.66330
-56.99046 0.66345
-57.01199 0.66347
-57.03351 0.66380
-57.03955 0.66395
-57.06106 0.66397
-57.08257 0.66431
-57.08863 0.66446
-57.11013 0.66448
-57.13162 0.66481
-57.13771 0.66496
-57.15920 0.66498
-57.18067 0.66531
-57.18681 0.66546
-57.20827 0.66548
-57.22973 0.66581
-57.23589 0.66596
-57.25734 0.66598
-57.27878 0.66631
-57.28498 0.66646
-57.30642 0.66648
-57.32784 0.66681
-57.33407 0.66696
-57.35549 0.66698
-57.37689 0.66731
-57.38315 0.66746
-57.40455 0.66749
-57.42595 0.66782
-57.43224 0.66797
-57.45363 0.66799
-57.47500 0.66832
-57.48133 0.66847
-57.50270 0.66849
-57.52406 0.66882
-57.53041 0.66897
-57.55176 0.66899
-57.57311 0.66932
-57.57950 0.66948
-57.60084 0.66949
-57.62217 0.66982
-57.62858 0.66998
-57.64991 0.67000
-57.67122 0.67032
-57.67768 0.67048
-57.69899 0.67050
-57.72028 0.67082
-57.72677 0.67098
-57.74806 0.67100
-57.76934 0.67132
-57.77585 0.67148
-57.79713 0.67150
-57.81839 0.67182
-57.82494 0.67198
-57.84620 0.67200
-57.86745 0.67233
-57.87403 0.67249
-57.89527 0.67251
-57.91651 0.67283
-57.92312 0.67299
-57.94434 0.67301
-57.96556 0.67333
-57.97220 0.67350
-57.99341 0.67351
-58.01462 0.67383
-58.02129 0.67400
-58.04248 0.67401
-58.06367 0.67433
-58.07038 0.67450
-58.09156 0.67452
-58.11273 0.67483
-58.11946 0.67500
-58.14063 0.67502
-58.16178 0.67533
-58.16855 0.67550
-58.18970 0.67552
-58.21083 0.67584
-58.21763 0.67600
-58.23877 0.67602
-58.25989 0.67634
-58.26673 0.67651
-58.28784 0.67652
-58.30895 0.67684
-58.31581 0.67701
-58.33692 0.67702
-58.35801 0.67734
-58.36490 0.67751
-58.38599 0.67753
-58.40706 0.67785
-58.41398 0.67802
-58.43505 0.67803
-58.45611 0.67834
-58.46308 0.67851
-58.48413 0.67853
-58.50518 0.67884
-58.51217 0.67902
-58.53320 0.67903
-58.55423 0.67935
-58.56126 0.67952
-58.58228 0.67954
-58.60329 0.67985
-58.61033 0.68002
-58.63134 0.68004
-58.65234 0.68035
-58.65942 0.68052
-58.68041 0.68054
-58.70140 0.68085
-58.70851 0.68102
-58.72949 0.68104
-58.75046 0.68135
-58.75760 0.68153
-58.77856 0.68154
-58.79951 0.68185
-58.80669 0.68203
-58.82764 0.68204
-58.84858 0.68236
-58.85578 0.68253
-58.87671 0.68255
-58.89763 0.68286
-58.90486 0.68303
-58.92578 0.68305
-58.94668 0.68336
-58.95395 0.68354
-58.97485 0.68355
-58.99574 0.68386
-59.00304 0.68404
-59.02392 0.68405
-59.04480 0.68436
-59.05213 0.68454
-59.07300 0.68455
-59.09386 0.68486
-59.10121 0.68505
-59.12206 0.68506
-59.14291 0.68537
-59.15030 0.68555
-59.17114 0.68556
-59.19197 0.68587
-59.19939 0.68605
-59.22021 0.68606
-59.24103 0.68637
-59.24848 0.68655
-59.26929 0.68656
-59.29008 0.68687
-59.29757 0.68705
-59.31836 0.68706
-59.33914 0.68737
-59.34665 0.68756
-59.36743 0.68757
-59.38820 0.68787
-59.39573 0.68806
-59.41649 0.68807
-59.43725 0.68837
-59.44482 0.68856
-59.46557 0.68857
-59.48631 0.68887
-59.49391 0.68906
-59.51464 0.68907
-59.53537 0.68938
-59.54300 0.68956
-59.56372 0.68957
-59.58443 0.68988
-59.59209 0.69007
-59.61279 0.69007
-59.63348 0.69038
-59.64117 0.69057
-59.66186 0.69058
-59.68254 0.69088
-59.69026 0.69107
-59.71093 0.69108
-59.73160 0.69139
-59.73935 0.69158
-59.76001 0.69158
-59.78066 0.69188
-59.78844 0.69208
-59.80908 0.69208
-59.82971 0.69238
-59.83752 0.69257
-59.85815 0.69258
-59.87877 0.69289
-59.88661 0.69308
-59.90722 0.69309
-59.92783 0.69339
-59.93570 0.69359
-59.95630 0.69359
-59.97688 0.69389
-59.98479 0.69409
-60.00537 0.69409
-60.02594 0.69439
-60.03387 0.69459
-60.05444 0.69459
-60.07500 0.69489
-60.08296 0.69509
-60.10351 0.69510
-60.12406 0.69540
-60.13205 0.69559
-60.15259 0.69560
-60.17312 0.69590
-60.18113 0.69609
-60.20166 0.69610
-60.22217 0.69640
-60.23022 0.69660
-60.25073 0.69660
-60.27123 0.69690
-60.27931 0.69710
-60.29980 0.69710
-60.32029 0.69740
-60.32839 0.69760
-60.34887 0.69761
-60.36934 0.69790
-60.37748 0.69810
-60.39795 0.69811
-60.41840 0.69840
-60.42658 0.69860
-60.44703 0.69861
-60.46747 0.69891
-60.47566 0.69911
-60.49609 0.69911
-60.51652 0.69941
-60.52475 0.69961
-60.54517 0.69961
-60.56558 0.69991
-60.57384 0.70011
-60.59424 0.70011
-60.61464 0.70041
-60.62292 0.70061
-60.64331 0.70062
-60.66369 0.70091
-60.67201 0.70112
-60.69238 0.70112
-60.71275 0.70142
-60.72109 0.70162
-60.74145 0.70162
-60.76181 0.70192
-60.77018 0.70212
-60.79053 0.70212
-60.81087 0.70242
-60.81927 0.70262
-60.83961 0.70262
-60.85993 0.70292
-60.86836 0.70312
-60.88868 0.70312
-60.90899 0.70342
-60.91745 0.70362
-60.93775 0.70363
-60.95804 0.70392
-60.96653 0.70413
-60.98682 0.70413
-61.00710 0.70442
-61.01562 0.70463
-61.03589 0.70463
-61.05616 0.70492
-61.06471 0.70513
-61.08497 0.70514
-61.10522 0.70543
-61.11380 0.70564
-61.13404 0.70564
-61.15428 0.70593
-61.16288 0.70614
-61.18311 0.70614
-61.20333 0.70643
-61.21197 0.70664
-61.23219 0.70664
-61.25240 0.70693
-61.26106 0.70714
-61.28126 0.70714
-61.30145 0.70743
-61.31014 0.70765
-61.33033 0.70764
-61.35051 0.70793
-61.35923 0.70815
-61.37940 0.70815
-61.39957 0.70843
-61.40832 0.70865
-61.42848 0.70865
-61.44863 0.70894
-61.45741 0.70915
-61.47755 0.70915
-61.49769 0.70944
-61.50649 0.70965
-61.52662 0.70965
-61.54674 0.70994
-61.55558 0.71016
-61.57570 0.71016
-61.59581 0.71044
-61.60467 0.71066
-61.62477 0.71066
-61.64487 0.71094
-61.65376 0.71116
-61.67384 0.71116
-61.69392 0.71145
-61.70285 0.71166
-61.72292 0.71166
-61.74299 0.71195
-61.75193 0.71216
-61.77199 0.71216
-61.79205 0.71245
-61.80102 0.71267
-61.82106 0.71267
-61.84110 0.71295
-61.85010 0.71317
-61.87014 0.71317
-61.89016 0.71345
-61.89919 0.71367
-61.91921 0.71367
-61.93922 0.71395
-61.94828 0.71417
-61.96828 0.71417
-61.98828 0.71446
-61.99737 0.71468
-62.01736 0.71467
-62.03734 0.71496
-62.04645 0.71518
-62.06643 0.71517
-62.08640 0.71546
-62.09554 0.71568
-62.11551 0.71568
-62.13546 0.71596
-62.14463 0.71618
-62.16457 0.71618
-62.18451 0.71646
-62.19372 0.71669
-62.21365 0.71668
-62.23358 0.71696
-62.24280 0.71719
-62.26272 0.71718
-62.28263 0.71746
-62.29190 0.71769
-62.31180 0.71768
-62.33170 0.71796
-62.34098 0.71819
-62.36087 0.71818
-62.38076 0.71846
-62.39007 0.71869
-62.40995 0.71869
-62.42982 0.71897
-62.43916 0.71919
-62.45902 0.71919
-62.47888 0.71947
-62.48824 0.71970
-62.50809 0.71969
-62.52794 0.71997
-62.53733 0.72020
-62.55716 0.72019
-62.57699 0.72047
-62.58642 0.72071
-62.60624 0.72070
-62.62606 0.72098
-62.63550 0.72121
-62.65531 0.72120
-62.67511 0.72147
-62.68459 0.72170
-62.70438 0.72170
-62.72417 0.72198
-62.73368 0.72221
-62.75346 0.72221
-62.77324 0.72248
-62.78276 0.72271
-62.80253 0.72271
-62.82229 0.72298
-62.83185 0.72321
-62.85161 0.72321
-62.87135 0.72348
-62.88095 0.72371
-62.90068 0.72371
-62.92042 0.72398
-62.93003 0.72422
-62.94975 0.72421
-62.96947 0.72448
-62.97911 0.72472
-62.99882 0.72471
-63.01853 0.72498
-63.02821 0.72522
-63.04790 0.72521
-63.06760 0.72549
-63.07729 0.72573
-63.09697 0.72572
-63.11665 0.72599
-63.12638 0.72623
-63.14605 0.72622
-63.16572 0.72649
-63.17546 0.72673
-63.19512 0.72672
-63.21477 0.72699
-63.22455 0.72723
-63.24420 0.72722
-63.26384 0.72749
-63.27364 0.72774
-63.29327 0.72773
-63.31290 0.72800
-63.32272 0.72824
-63.34234 0.72823
-63.36195 0.72850
-63.37182 0.72874
-63.39142 0.72873
-63.41102 0.72900
-63.42090 0.72924
-63.44049 0.72923
-63.46007 0.72950
-63.46999 0.72974
-63.48957 0.72973
-63.50913 0.73000
-63.51908 0.73025
-63.53864 0.73024
-63.55820 0.73051
-63.56817 0.73075
-63.58771 0.73074
-63.60726 0.73101
-63.61725 0.73125
-63.63679 0.73124
-63.65632 0.73151
-63.66634 0.73175
-63.68586 0.73174
-63.70538 0.73201
-63.71543 0.73226
-63.73494 0.73224
-63.75444 0.73251
-63.76452 0.73276
-63.78401 0.73275
-63.80350 0.73301
-63.81360 0.73326
-63.83308 0.73325
-63.85256 0.73352
-63.86269 0.73376
-63.88216 0.73375
-63.90162 0.73402
-63.91178 0.73426
-63.93123 0.73425
-63.95068 0.73452
-63.96087 0.73477
-63.98031 0.73475
-63.99975 0.73502
-64.00996 0.73527
-64.02938 0.73525
-64.04881 0.73552
-64.05904 0.73577
-64.07846 0.73576
-64.09787 0.73602
-64.10813 0.73627
-64.12753 0.73626
-64.14693 0.73652
-64.15721 0.73677
-64.17660 0.73676
-64.19599 0.73702
-64.20630 0.73727
-64.22568 0.73726
-64.24505 0.73752
-64.25538 0.73778
-64.27475 0.73777
-64.29410 0.73803
-64.30447 0.73828
-64.32383 0.73827
-64.34317 0.73853
-64.35356 0.73878
-64.37290 0.73877
-64.39223 0.73903
-64.40265 0.73929
-64.42197 0.73927
-64.44129 0.73953
-64.45174 0.73979
-64.47105 0.73978
-64.49035 0.74004
-64.50083 0.74029
-64.52013 0.74028
-64.53942 0.74053
-64.54992 0.74079
-64.56920 0.74078
-64.58848 0.74104
-64.59900 0.74129
-64.61827 0.74128
-64.63754 0.74154
-64.64809 0.74180
-64.66735 0.74178
-64.68660 0.74204
-64.69717 0.74230
-64.71642 0.74228
-64.73566 0.74254
-64.74626 0.74280
-64.76550 0.74278
-64.78472 0.74304
-64.79535 0.74330
-64.81457 0.74329
-64.83378 0.74355
-64.84444 0.74381
-64.86365 0.74379
-64.88285 0.74405
-64.89352 0.74431
-64.91272 0.74429
-64.93190 0.74455
-64.94261 0.74481
-64.96179 0.74479
-64.98097 0.74505
-64.99169 0.74531
-65.01086 0.74529
-65.03002 0.74555
-65.04078 0.74581
-65.05994 0.74580
-65.07909 0.74605
-65.08987 0.74632
-65.10901 0.74630
-65.12815 0.74656
-65.13896 0.74682
-65.15809 0.74680
-65.17721 0.74706
-65.18805 0.74732
-65.20716 0.74730
-65.22627 0.74756
-65.23713 0.74782
-65.25624 0.74781
-65.27534 0.74806
-65.28622 0.74833
-65.30531 0.74831
-65.32440 0.74856
-65.33531 0.74883
-65.35439 0.74881
-65.37346 0.74906
-65.38439 0.74933
-65.40346 0.74931
-65.42252 0.74956
-65.43348 0.74983
-65.45253 0.74981
-65.47158 0.75007
-65.48257 0.75034
-65.50161 0.75032
-65.52064 0.75057
-65.53166 0.75084
-65.55069 0.75082
-65.56971 0.75107
-65.58074 0.75134
-65.59976 0.75132
-65.61877 0.75157
-65.62984 0.75184
-65.64884 0.75182
-65.66783 0.75207
-65.67892 0.75235
-65.69791 0.75232
-65.71690 0.75258
-65.72801 0.75285
-65.74698 0.75283
-65.76595 0.75307
-65.77710 0.75335
-65.79606 0.75333
-65.81502 0.75358
-65.82618 0.75385
-65.84513 0.75383
-65.86408 0.75408
-65.87527 0.75435
-65.89420 0.75433
-65.91314 0.75458
-65.92436 0.75485
-65.94329 0.75483
-65.96221 0.75508
-65.97345 0.75536
-65.99236 0.75534
-66.01127 0.75558
-66.02253 0.75586
-66.04143 0.75584
-66.06032 0.75609
-66.07162 0.75636
-66.09051 0.75634
-66.10939 0.75659
-66.12071 0.75686
-66.13959 0.75684
-66.15846 0.75709
-66.16980 0.75737
-66.18866 0.75734
-66.20752 0.75759
-66.21889 0.75787
-66.23774 0.75785
-66.25658 0.75809
-66.26797 0.75837
-66.28681 0.75835
-66.30564 0.75859
-66.31706 0.75887
-66.33588 0.75885
-66.35470 0.75910
-66.36614 0.75938
-66.38496 0.75935
-66.40376 0.75960
-66.41524 0.75988
-66.43404 0.75985
-66.45283 0.76010
-66.46432 0.76038
-66.48311 0.76035
-66.50189 0.76060
-66.51341 0.76088
-66.53218 0.76085
-66.55095 0.76110
-66.56249 0.76138
-66.58126 0.76136
-66.60002 0.76160
-66.61159 0.76189
-66.63034 0.76186
-66.64908 0.76211
-66.66067 0.76239
-66.67941 0.76237
-66.69814 0.76261
-66.70976 0.76289
-66.72849 0.76287
-66.74721 0.76311
-66.75884 0.76339
-66.77756 0.76337
-66.79627 0.76361
-66.80793 0.76389
-66.82663 0.76387
-66.84533 0.76411
-66.85702 0.76440
-66.87571 0.76437
-66.89439 0.76461
-66.90610 0.76490
-66.92478 0.76487
-66.94345 0.76511
-66.95519 0.76540
-66.97386 0.76537
-66.99252 0.76561
-67.00428 0.76590
-67.02294 0.76587
-67.04158 0.76611
-67.05337 0.76640
-67.07201 0.76638
-67.09065 0.76662
-67.10246 0.76691
-67.12109 0.76688
-67.13971 0.76712
-67.15154 0.76741
-67.17015 0.76738
-67.18877 0.76762
-67.20063 0.76791
-67.21924 0.76788
-67.23783 0.76812
-67.24972 0.76842
-67.26831 0.76839
-67.28690 0.76862
-67.29881 0.76891
-67.31739 0.76889
-67.33596 0.76913
-67.34789 0.76942
-67.36646 0.76939
-67.38502 0.76963
-67.39698 0.76992
-67.41553 0.76989
-67.43408 0.77013
-67.44607 0.77042
-67.46461 0.77040
-67.48315 0.77063
-67.49515 0.77093
-67.51368 0.77090
-67.53221 0.77113
-67.54424 0.77143
-67.56276 0.77140
-67.58128 0.77163
-67.59333 0.77193
-67.61184 0.77190
-67.63034 0.77214
-67.64242 0.77243
-67.66092 0.77241
-67.67941 0.77264
-67.69151 0.77294
-67.70999 0.77291
-67.72847 0.77314
-67.74059 0.77344
-67.75907 0.77341
-67.77753 0.77364
-67.78968 0.77394
-67.80814 0.77391
-67.82659 0.77414
-67.83877 0.77444
-67.85721 0.77441
-67.87565 0.77464
-67.88786 0.77494
-67.90629 0.77491
-67.92472 0.77515
-67.93694 0.77545
-67.95536 0.77542
-67.97378 0.77565
-67.98603 0.77595
-68.00444 0.77592
-68.02285 0.77615
-68.03511 0.77645
-68.05351 0.77642
-68.07191 0.77665
-68.08421 0.77695
-68.10259 0.77692
-68.12098 0.77715
-68.13329 0.77745
-68.15167 0.77742
-68.17004 0.77766
-68.18238 0.77796
-68.20074 0.77793
-68.21910 0.77816
-68.23147 0.77846
-68.24982 0.77843
-68.26817 0.77866
-68.28056 0.77896
-68.29890 0.77893
-68.31723 0.77916
-68.32964 0.77946
-68.34797 0.77943
-68.36629 0.77966
-68.37873 0.77996
-68.39704 0.77993
-68.41535 0.78016
-68.42781 0.78046
-68.44612 0.78043
-68.46442 0.78066
-68.47690 0.78097
-68.49520 0.78094
-68.51348 0.78117
-68.52599 0.78147
-68.54427 0.78144
-68.56255 0.78167
-68.57508 0.78197
-68.59335 0.78194
-68.61161 0.78217
-68.62417 0.78248
-68.64242 0.78245
-68.66068 0.78267
-68.67326 0.78298
-68.69150 0.78295
-68.70974 0.78317
-68.72234 0.78348
-68.74057 0.78345
-68.75880 0.78368
-68.77143 0.78398
-68.78965 0.78395
-68.80787 0.78418
-68.82052 0.78449
-68.83873 0.78445
-68.85694 0.78468
-68.86960 0.78499
-68.88780 0.78496
-68.90600 0.78518
-68.91869 0.78549
-68.93688 0.78546
-68.95506 0.78568
-68.96778 0.78599
-68.98595 0.78596
-69.00412 0.78618
-69.01686 0.78649
-69.03502 0.78646
-69.05318 0.78668
-69.06595 0.78700
-69.08411 0.78696
-69.10225 0.78719
-69.11504 0.78750
-69.13318 0.78746
-69.15132 0.78769
-69.16412 0.78800
-69.18225 0.78796
-69.20038 0.78819
-69.21321 0.78850
-69.23133 0.78847
-69.24944 0.78869
-69.26230 0.78900
-69.28041 0.78897
-69.29851 0.78919
-69.31139 0.78951
-69.32949 0.78947
-69.34758 0.78969
-69.36048 0.79001
-69.37856 0.78997
-69.39664 0.79019
-69.40956 0.79051
-69.42763 0.79048
-69.44570 0.79070
-69.45865 0.79102
-69.47671 0.79098
-69.49477 0.79120
-69.50774 0.79151
-69.52579 0.79148
-69.54383 0.79170
-69.55683 0.79202
-69.57487 0.79198
-69.59290 0.79220
-69.60591 0.79252
-69.62394 0.79248
-69.64196 0.79270
-69.65500 0.79302
-69.67301 0.79299
-69.69102 0.79320
-69.70408 0.79352
-69.72209 0.79349
-69.74009 0.79371
-69.75317 0.79403
-69.77116 0.79399
-69.78915 0.79421
-69.80226 0.79453
-69.82024 0.79449
-69.83822 0.79471
-69.85135 0.79503
-69.86932 0.79499
-69.88729 0.79521
-69.90044 0.79554
-69.91839 0.79550
-69.93635 0.79572
-69.94953 0.79604
-69.96747 0.79600
-69.98542 0.79622
-69.99861 0.79654
-70.01655 0.79650
-70.03448 0.79672
-70.04770 0.79705
-70.06562 0.79701
-70.08354 0.79722
-70.09679 0.79755
-70.11470 0.79751
-70.13261 0.79772
-70.14587 0.79805
-70.16377 0.79801
-70.18167 0.79822
-70.19496 0.79855
-70.21285 0.79851
-70.23073 0.79873
-70.24405 0.79905
-70.26193 0.79901
-70.27981 0.79923
-70.29313 0.79956
-70.31100 0.79951
-70.32886 0.79973
-70.34222 0.80005
-70.36008 0.80001
-70.37793 0.80023
-70.39131 0.80056
-70.40915 0.80052
-70.42699 0.80073
-70.44040 0.80106
-70.45823 0.80102
-70.47606 0.80123
-70.48948 0.80156
-70.50731 0.80152
-70.52512 0.80174
-70.53857 0.80207
-70.55639 0.80202
-70.57419 0.80224
-70.58766 0.80256
-70.60546 0.80252
-70.62326 0.80274
-70.63674 0.80307
-70.65453 0.80303
-70.67232 0.80324
-70.68583 0.80357
-70.70361 0.80353
-70.72139 0.80374
-70.73493 0.80408
-70.75269 0.80403
-70.77046 0.80424
-70.78401 0.80457
-70.80177 0.80453
-70.81952 0.80474
-70.83310 0.80508
-70.85084 0.80504
-70.86858 0.80525
-70.88219 0.80558
-70.89992 0.80554
-70.91765 0.80575
-70.93127 0.80609
-70.94900 0.80604
-70.96672 0.80625
-70.98036 0.80658
-70.99807 0.80654
-71.01578 0.80675
-71.02945 0.80709
-71.04715 0.80704
-71.06485 0.80725
-71.07853 0.80759
-71.09622 0.80755
-71.11391 0.80776
-71.12762 0.80809
-71.14530 0.80805
-71.16298 0.80826
-71.17671 0.80859
-71.19438 0.80855
-71.21205 0.80876
-71.22579 0.80910
-71.24345 0.80905
-71.26110 0.80926
-71.27488 0.80960
-71.29253 0.80955
-71.31017 0.80976
-71.32397 0.81010
-71.34161 0.81006
-71.35924 0.81027
-71.37306 0.81061
-71.39068 0.81056
-71.40830 0.81077
-71.42215 0.81110
-71.43976 0.81106
-71.45737 0.81127
-71.47123 0.81161
-71.48884 0.81156
-71.50643 0.81177
-71.52032 0.81211
-71.53791 0.81206
-71.55550 0.81227
-71.56941 0.81261
-71.58699 0.81257
-71.60457 0.81277
-71.61850 0.81311
-71.63607 0.81307
-71.65363 0.81328
-71.66758 0.81362
-71.68514 0.81357
-71.70270 0.81378
-71.71667 0.81412
-71.73422 0.81407
-71.75176 0.81428
-71.76576 0.81462
-71.78330 0.81457
-71.80083 0.81478
-71.81485 0.81512
-71.83238 0.81508
-71.84990 0.81528
-71.86393 0.81562
-71.88144 0.81558
-71.89896 0.81578
-71.91302 0.81613
-71.93053 0.81608
-71.94803 0.81628
-71.96210 0.81663
-71.97960 0.81658
-71.99709 0.81679
-72.01119 0.81713
-72.02867 0.81708
-72.04615 0.81729
-72.06028 0.81763
-72.07775 0.81758
-72.09522 0.81779
-72.10937 0.81813
-72.12683 0.81809
-72.14429 0.81829
-72.15845 0.81864
-72.17590 0.81859
-72.19335 0.81879
-72.20754 0.81914
-72.22498 0.81909
-72.24242 0.81930
-72.25663 0.81964
-72.27406 0.81959
-72.29149 0.81980
-72.30572 0.82015
-72.32314 0.82010
-72.34055 0.82030
-72.35480 0.82064
-72.37221 0.82060
-72.38962 0.82080
-72.40389 0.82115
-72.42129 0.82110
-72.43868 0.82130
-72.45298 0.82165
-72.47036 0.82160
-72.48775 0.82180
-72.50206 0.82215
-72.51944 0.82211
-72.53681 0.82231
-72.55116 0.82266
-72.56852 0.82261
-72.58589 0.82281
-72.60024 0.82316
-72.61760 0.82311
-72.63495 0.82331
-72.64933 0.82366
-72.66667 0.82361
-72.68401 0.82381
-72.69842 0.82417
-72.71575 0.82412
-72.73309 0.82431
-72.74750 0.82467
-72.76483 0.82462
-72.78215 0.82481
-72.79659 0.82517
-72.81390 0.82512
-72.83121 0.82532
-72.84567 0.82567
-72.86298 0.82562
-72.88028 0.82582
-72.89477 0.82617
-72.91206 0.82612
-72.92935 0.82632
-72.94385 0.82667
-72.96113 0.82662
-72.97841 0.82682
-72.99294 0.82718
-73.01021 0.82713
-73.02748 0.82732
-73.04203 0.82768
-73.05929 0.82763
-73.07655 0.82782
-73.09112 0.82818
-73.10837 0.82813
-73.12562 0.82833
-73.14020 0.82868
-73.15744 0.82863
-73.17468 0.82883
-73.18929 0.82918
-73.20652 0.82913
-73.22375 0.82933
-73.23838 0.82969
-73.25560 0.82963
-73.27281 0.82983
-73.28747 0.83019
-73.30468 0.83014
-73.32188 0.83033
-73.33655 0.83069
-73.35375 0.83064
-73.37095 0.83083
-73.38565 0.83120
-73.40283 0.83114
-73.42002 0.83134
-73.43473 0.83170
-73.45190 0.83164
-73.46908 0.83184
-73.48382 0.83220
-73.50098 0.83214
-73.51815 0.83234
-73.53290 0.83270
-73.55006 0.83265
-73.56721 0.83284
-73.58199 0.83321
-73.59914 0.83315
-73.61628 0.83334
-73.63108 0.83371
-73.64821 0.83365
-73.66534 0.83384
-73.68016 0.83421
-73.69729 0.83416
-73.71441 0.83435
-73.72925 0.83471
-73.74637 0.83466
-73.76348 0.83485
-73.77834 0.83521
-73.79545 0.83516
-73.81255 0.83535
-73.82743 0.83571
-73.84452 0.83566
-73.86161 0.83585
-73.87651 0.83621
-73.89360 0.83616
-73.91068 0.83635
-73.92560 0.83672
-73.94268 0.83667
-73.95975 0.83685
-73.97469 0.83722
-73.99175 0.83717
-74.00881 0.83736
-74.02377 0.83772
-74.04083 0.83767
-74.05788 0.83786
-74.07286 0.83823
-74.08991 0.83817
-74.10695 0.83836
-74.12195 0.83873
-74.13899 0.83867
-74.15602 0.83886
-74.17104 0.83923
-74.18806 0.83918
-74.20508 0.83936
-74.22012 0.83973
-74.23714 0.83968
-74.25415 0.83987
-74.26922 0.84024
-74.28622 0.84018
-74.30322 0.84037
-74.31830 0.84074
-74.33529 0.84068
-74.35228 0.84087
-74.36739 0.84124
-74.38437 0.84118
-74.40135 0.84137
-74.41647 0.84174
-74.43345 0.84168
-74.45042 0.84187
-74.46556 0.84224
-74.48253 0.84218
-74.49949 0.84237
-74.51465 0.84274
-74.53160 0.84269
-74.54855 0.84288
-74.56374 0.84325
-74.58068 0.84319
-74.59762 0.84338
-74.61283 0.84375
-74.62976 0.84369
-74.64669 0.84388
-74.66191 0.84425
-74.67884 0.84420
-74.69575 0.84438
-74.71100 0.84476
-74.72791 0.84470
-74.74482 0.84488
-74.76008 0.84526
-74.77699 0.84520
-74.79388 0.84538
-74.80917 0.84576
-74.82607 0.84570
-74.84295 0.84589
-74.85826 0.84626
-74.87515 0.84620
-74.89203 0.84639
-74.90735 0.84676
-74.92422 0.84671
-74.94109 0.84689
-74.95644 0.84727
-74.97330 0.84721
-74.99016 0.84739
-75.00552 0.84777
-75.02237 0.84771
-75.03922 0.84789
-75.05462 0.84827
-75.07146 0.84821
-75.08830 0.84839
-75.10370 0.84877
-75.12053 0.84871
-75.13736 0.84889
-75.15279 0.84927
-75.16961 0.84922
-75.18643 0.84940
-75.20187 0.84978
-75.21868 0.84972
-75.23549 0.84990
-75.25096 0.85028
-75.26776 0.85022
-75.28456 0.85040
-75.30005 0.85078
-75.31684 0.85072
-75.33363 0.85090
-75.34914 0.85128
-75.36592 0.85122
-75.38270 0.85140
-75.39822 0.85179
-75.41500 0.85173
-75.43177 0.85191
-75.44731 0.85229
-75.46408 0.85223
-75.48083 0.85241
-75.49640 0.85279
-75.51315 0.85273
-75.52990 0.85291
-75.54549 0.85329
-75.56223 0.85323
-75.57897 0.85341
-75.59457 0.85379
-75.61130 0.85373
-75.62803 0.85391
-75.64366 0.85430
-75.66039 0.85424
-75.67711 0.85442
-75.69275 0.85480
-75.70946 0.85474
-75.72617 0.85492
-75.74183 0.85530
-75.75854 0.85524
-75.77524 0.85542
-75.79092 0.85580
-75.80762 0.85574
-75.82431 0.85592
-75.84001 0.85631
-75.85670 0.85625
-75.87338 0.85642
-75.88910 0.85681
-75.90578 0.85675
-75.92245 0.85693
-75.93818 0.85731
-75.95484 0.85725
-75.97151 0.85743
-75.98728 0.85781
-76.00393 0.85775
-76.02058 0.85793
-76.03636 0.85832
-76.05300 0.85825
-76.06965 0.85843
-76.08545 0.85882
-76.10208 0.85875
-76.11872 0.85893
-76.13454 0.85932
-76.15116 0.85926
-76.16778 0.85943
-76.18362 0.85982
-76.20024 0.85976
-76.21685 0.85993
-76.23271 0.86032
-76.24932 0.86026
-76.26592 0.86044
-76.28180 0.86083
-76.29840 0.86076
-76.31499 0.86094
-76.33089 0.86133
-76.34747 0.86127
-76.36406 0.86144
-76.37997 0.86183
-76.39655 0.86177
-76.41312 0.86194
-76.42906 0.86234
-76.44563 0.86227
-76.46219 0.86244
-76.47815 0.86283
-76.49470 0.86277
-76.51126 0.86294
-76.52724 0.86334
-76.54379 0.86328
-76.56033 0.86345
-76.57632 0.86384
-76.59286 0.86378
-76.60939 0.86395
-76.62541 0.86434
-76.64194 0.86428
-76.65847 0.86445
-76.67450 0.86485
-76.69102 0.86478
-76.70753 0.86495
-76.72358 0.86535
-76.74009 0.86528
-76.75660 0.86546
-76.77267 0.86585
-76.78917 0.86579
-76.80567 0.86596
-76.82176 0.86635
-76.83825 0.86628
-76.85473 0.86646
-76.87085 0.86685
-76.88733 0.86679
-76.90381 0.86696
-76.91993 0.86735
-76.93641 0.86729
-76.95287 0.86746
-76.96902 0.86786
-76.98548 0.86779
-77.00194 0.86796
-77.01811 0.86836
-77.03456 0.86830
-77.05101 0.86847
-77.06720 0.86886
-77.08364 0.86880
-77.10008 0.86897
-77.11628 0.86937
-77.13272 0.86930
-77.14915 0.86947
-77.16537 0.86986
-77.18179 0.86980
-77.19821 0.86997
-77.21446 0.87037
-77.23087 0.87030
-77.24729 0.87047
-77.26354 0.87087
-77.27995 0.87080
-77.29635 0.87097
-77.31263 0.87137
-77.32903 0.87131
-77.34542 0.87147
-77.36172 0.87187
-77.37810 0.87181
-77.39449 0.87198
-77.41081 0.87238
-77.42719 0.87231
-77.44356 0.87248
-77.45989 0.87288
-77.47626 0.87281
-77.49262 0.87298
-77.50898 0.87338
-77.50898 0.87338
-77.52534 0.87331
-77.54170 0.87348
-77.55804 0.87388
-77.55807 0.87389
-77.57442 0.87382
-77.59077 0.87399
-77.60710 0.87439
-77.60716 0.87439
-77.62349 0.87432
-77.63983 0.87449
-77.65616 0.87489
-77.65624 0.87489
-77.67257 0.87482
-77.68890 0.87499
-77.70521 0.87539
-77.70533 0.87539
-77.72165 0.87532
-77.73797 0.87549
-77.75428 0.87589
-77.75442 0.87589
-77.77073 0.87583
-77.78704 0.87599
-77.80334 0.87639
-77.80351 0.87639
-77.81981 0.87633
-77.83611 0.87649
-77.85239 0.87689
-77.85259 0.87690
-77.86888 0.87683
-77.88517 0.87700
-77.90145 0.87739
-77.90168 0.87740
-77.91797 0.87733
-77.93425 0.87750
-77.95052 0.87789
-77.95077 0.87790
-77.96704 0.87784
-77.98331 0.87800
-77.99957 0.87840
-77.99985 0.87841
-78.01612 0.87834
-78.03238 0.87850
-78.04863 0.87890
-78.04894 0.87891
-78.06520 0.87884
-78.08145 0.87900
-78.09769 0.87940
-78.09803 0.87941
-78.11428 0.87934
-78.13052 0.87950
-78.14676 0.87990
-78.14711 0.87991
-78.16335 0.87984
-78.17958 0.88001
-78.19581 0.88040
-78.19621 0.88041
-78.21243 0.88035
-78.22866 0.88051
-78.24487 0.88090
-78.24529 0.88092
-78.26151 0.88085
-78.27773 0.88101
-78.29393 0.88140
-78.29438 0.88141
-78.31059 0.88135
-78.32680 0.88151
-78.34299 0.88190
-78.34346 0.88192
-78.35966 0.88185
-78.37586 0.88201
-78.39205 0.88241
-78.39255 0.88242
-78.40874 0.88235
-78.42493 0.88251
-78.44111 0.88291
-78.44164 0.88292
-78.45782 0.88285
-78.47400 0.88302
-78.49017 0.88341
-78.49073 0.88343
-78.50690 0.88336
-78.52307 0.88352
-78.53923 0.88391
-78.53982 0.88393
-78.55598 0.88386
-78.57214 0.88402
-78.58829 0.88441
-78.58891 0.88443
-78.60506 0.88436
-78.62121 0.88452
-78.63735 0.88491
-78.63799 0.88493
-78.65413 0.88486
-78.67027 0.88502
-78.68641 0.88541
-78.68708 0.88543
-78.70321 0.88536
-78.71935 0.88552
-78.73547 0.88591
-78.73616 0.88594
-78.75229 0.88587
-78.76841 0.88602
-78.78453 0.88641
-78.78525 0.88644
-78.80137 0.88637
-78.81748 0.88653
-78.83359 0.88692
-78.83434 0.88694
-78.85045 0.88687
-78.86655 0.88703
-78.88265 0.88742
-78.88343 0.88744
-78.89953 0.88737
-78.91562 0.88753
-78.93171 0.88792
-78.93251 0.88795
-78.94860 0.88788
-78.96469 0.88804
-78.98077 0.88843
-78.98161 0.88845
-78.99769 0.88838
-79.01376 0.88854
-79.02983 0.88893
-79.03069 0.88895
-79.04676 0.88888
-79.06283 0.88904
-79.07889 0.88942
-79.07978 0.88945
-79.09584 0.88938
-79.11190 0.88954
-79.12795 0.88993
-79.12887 0.88996
-79.14492 0.88988
-79.16097 0.89004
-79.17701 0.89043
-79.17795 0.89046
-79.19399 0.89038
-79.21004 0.89054
-79.22607 0.89093
-79.22704 0.89096
-79.24308 0.89089
-79.25911 0.89105
-79.27513 0.89143
-79.27613 0.89146
-79.29216 0.89139
-79.30818 0.89155
-79.32419 0.89193
-79.32521 0.89196
-79.34123 0.89189
-79.35725 0.89205
-79.37325 0.89243
-79.37430 0.89246
-79.39031 0.89239
-79.40631 0.89255
-79.42231 0.89293
-79.42339 0.89297
-79.43939 0.89289
-79.45538 0.89305
-79.47137 0.89344
-79.47247 0.89347
-79.48846 0.89340
-79.50445 0.89356
-79.52043 0.89394
-79.52157 0.89398
-79.53755 0.89390
-79.55353 0.89405
-79.56950 0.89444
-79.57065 0.89447
-79.58662 0.89440
-79.60259 0.89456
-79.61855 0.89494
-79.61974 0.89498
-79.63570 0.89491
-79.65166 0.89506
-79.66761 0.89544
-79.66883 0.89548
-79.68478 0.89541
-79.70074 0.89556
-79.71668 0.89594
-79.71791 0.89598
-79.73386 0.89591
-79.74980 0.89606
-79.76573 0.89644
-79.76700 0.89648
-79.78294 0.89641
-79.79887 0.89656
-79.81480 0.89695
-79.81609 0.89699
-79.83202 0.89691
-79.84794 0.89707
-79.86386 0.89745
-79.86518 0.89749
-79.88109 0.89742
-79.89701 0.89757
-79.91292 0.89795
-79.91426 0.89799
-79.93017 0.89792
-79.94608 0.89807
-79.96197 0.89845
-79.96335 0.89850
-79.97925 0.89842
-79.99515 0.89857
-80.01104 0.89895
-80.01244 0.89899
-80.02833 0.89892
-80.04422 0.89907
-80.06010 0.89945
-80.06153 0.89950
-80.07741 0.89942
-80.09329 0.89958
-80.10916 0.89995
-80.11061 0.90000
-80.12649 0.89992
-80.14236 0.90007
-80.15822 0.90045
-80.15970 0.90050
-80.17557 0.90042
-80.19143 0.90058
-80.20728 0.90096
-80.20879 0.90100
-80.22464 0.90093
-80.24050 0.90108
-80.25634 0.90146
-80.25787 0.90151
-80.27372 0.90143
-80.28957 0.90158
-80.30540 0.90196
-80.30696 0.90201
-80.32280 0.90193
-80.33864 0.90208
-80.35446 0.90246
-80.35605 0.90251
-80.37188 0.90244
-80.38771 0.90258
-80.40353 0.90296
-80.40513 0.90301
-80.42096 0.90294
-80.43677 0.90309
-80.45259 0.90346
-80.45422 0.90352
-80.47004 0.90344
-80.48585 0.90359
-80.50165 0.90397
-80.50331 0.90402
-80.51911 0.90394
-80.53491 0.90409
-80.55070 0.90447
-80.55240 0.90452
-80.56820 0.90445
-80.58399 0.90459
-80.59977 0.90497
-80.60148 0.90502
-80.61727 0.90494
-80.63305 0.90509
-80.64883 0.90547
-80.65058 0.90552
-80.66635 0.90545
-80.68213 0.90560
-80.69790 0.90597
-80.69966 0.90603
-80.71543 0.90595
-80.73120 0.90610
-80.74696 0.90647
-80.74875 0.90653
-80.76451 0.90645
-80.78027 0.90660
-80.79602 0.90697
-80.79784 0.90703
-80.81359 0.90695
-80.82934 0.90710
-80.84508 0.90747
-80.84693 0.90753
-80.86267 0.90746
-80.87841 0.90760
-80.89414 0.90798
-80.89601 0.90804
-80.91174 0.90796
-80.92748 0.90811
-80.94320 0.90848
-80.94510 0.90854
-80.96083 0.90846
-80.97655 0.90861
-80.99226 0.90898
-80.99419 0.90904
-81.00991 0.90896
-81.02562 0.90911
-81.04133 0.90948
-81.04327 0.90954
-81.05898 0.90946
-81.07468 0.90961
-81.09038 0.90998
-81.09236 0.91004
-81.10806 0.90996
-81.12376 0.91011
-81.13944 0.91048
-81.14145 0.91054
-81.15714 0.91047
-81.17283 0.91061
-81.18851 0.91098
-81.19054 0.91105
-81.20622 0.91097
-81.22190 0.91112
-81.23757 0.91149
-81.23963 0.91155
-81.25530 0.91147
-81.27097 0.91162
-81.28663 0.91199
-81.28871 0.91205
-81.30437 0.91198
-81.32004 0.91212
-81.33569 0.91249
-81.33780 0.91256
-81.35346 0.91248
-81.36911 0.91262
-81.38476 0.91299
-81.38688 0.91306
-81.40253 0.91298
-81.41817 0.91312
-81.43381 0.91349
-81.43597 0.91356
-81.45161 0.91348
-81.46724 0.91362
-81.48287 0.91399
-81.48506 0.91406
-81.50069 0.91398
-81.51632 0.91413
-81.53194 0.91449
-81.53415 0.91456
-81.54977 0.91448
-81.56539 0.91463
-81.58100 0.91499
-81.58323 0.91506
-81.59885 0.91498
-81.61446 0.91513
-81.63006 0.91550
-81.63233 0.91557
-81.64793 0.91549
-81.66353 0.91563
-81.67913 0.91600
-81.68141 0.91607
-81.69700 0.91599
-81.71260 0.91614
-81.72818 0.91650
-81.73049 0.91658
-81.74608 0.91649
-81.76167 0.91664
-81.77724 0.91700
-81.77958 0.91707
-81.79516 0.91699
-81.81074 0.91714
-81.82630 0.91751
-81.82867 0.91758
-81.84424 0.91750
-81.85981 0.91764
-81.87537 0.91801
-81.87776 0.91808
-81.89332 0.91800
-81.90888 0.91815
-81.92443 0.91851
-81.92685 0.91859
-81.94240 0.91850
-81.95795 0.91864
-81.97349 0.91900
-81.97593 0.91908
-81.99147 0.91900
-82.00702 0.91914
-82.02255 0.91951
-82.02502 0.91958
-82.04056 0.91950
-82.05609 0.91964
-82.07162 0.92001
-82.07411 0.92009
-82.08963 0.92001
-82.10516 0.92015
-82.12068 0.92051
-82.12320 0.92060
-82.13872 0.92051
-82.15423 0.92065
-82.16974 0.92102
-82.17228 0.92110
-82.18779 0.92101
-82.20330 0.92115
-82.21880 0.92151
-82.22137 0.92159
-82.23687 0.92151
-82.25237 0.92166
-82.26786 0.92202
-82.27046 0.92210
-82.28595 0.92202
-82.30144 0.92216
-82.31693 0.92252
-82.31954 0.92260
-82.33503 0.92252
-82.35051 0.92266
-82.36599 0.92302
-82.36863 0.92310
-82.38410 0.92302
-82.39958 0.92316
-82.41505 0.92352
-82.41772 0.92360
-82.43319 0.92352
-82.44866 0.92366
-82.46412 0.92402
-82.46681 0.92411
-82.48227 0.92403
-82.49773 0.92416
-82.51318 0.92452
-82.51590 0.92461
-82.53135 0.92453
-82.54680 0.92467
-82.56224 0.92503
-82.56498 0.92511
-82.58042 0.92503
-82.59587 0.92517
-82.61130 0.92552
-82.61407 0.92561
-82.62950 0.92553
-82.64494 0.92567
-82.66036 0.92603
-82.66316 0.92611
-82.67858 0.92603
-82.69401 0.92617
-82.70942 0.92653
-82.71224 0.92662
-82.72766 0.92654
-82.74308 0.92667
-82.75848 0.92703
-82.76133 0.92712
-82.77674 0.92704
-82.79215 0.92718
-82.80755 0.92753
-82.81042 0.92762
-82.82582 0.92754
-82.84122 0.92768
-82.85662 0.92804
-82.85951 0.92813
-82.87490 0.92804
-82.89029 0.92818
-82.90567 0.92853
-82.90860 0.92863
-82.92398 0.92854
-82.93936 0.92868
-82.95474 0.92904
-82.95768 0.92913
-82.97305 0.92905
-82.98843 0.92918
-83.00380 0.92954
-83.00677 0.92963
-83.02214 0.92955
-83.03751 0.92968
-83.05287 0.93004
-83.05586 0.93014
-83.07122 0.93005
-83.08658 0.93019
-83.10193 0.93054
-83.10495 0.93064
-83.12030 0.93055
-83.13565 0.93069
-83.15099 0.93104
-83.15403 0.93114
-83.16938 0.93106
-83.18472 0.93119
-83.20005 0.93155
-83.20312 0.93164
-83.21845 0.93156
-83.23379 0.93169
-83.24911 0.93205
-83.25221 0.93214
-83.26753 0.93206
-83.28286 0.93219
-83.29817 0.93255
-83.30129 0.93264
-83.31661 0.93256
-83.33193 0.93270
-83.34724 0.93305
-83.35038 0.93315
-83.36569 0.93306
-83.38100 0.93320
-83.39630 0.93355
-83.39947 0.93365
-83.41477 0.93356
-83.43007 0.93370
-83.44536 0.93405
-83.44855 0.93415
-83.46385 0.93406
-83.47914 0.93420
-83.49442 0.93455
-83.49764 0.93465
-83.51293 0.93457
-83.52821 0.93470
-83.54349 0.93505
-83.54673 0.93515
-83.56201 0.93507
-83.57729 0.93520
-83.59255 0.93556
-83.59582 0.93566
-83.61109 0.93557
-83.62635 0.93571
-83.64161 0.93606
-83.64490 0.93616
-83.66016 0.93608
-83.67542 0.93621
-83.69067 0.93656
-83.69399 0.93667
-83.70925 0.93658
-83.72450 0.93671
-83.73974 0.93706
-83.74308 0.93717
-83.75832 0.93708
-83.77357 0.93721
-83.78880 0.93756
-83.79217 0.93767
-83.80740 0.93758
-83.82264 0.93771
-83.83786 0.93806
-83.84126 0.93817
-83.85649 0.93808
-83.87171 0.93821
-83.88693 0.93856
-83.89034 0.93867
-83.90556 0.93859
-83.92078 0.93872
-83.93599 0.93907
-83.93943 0.93918
-83.95464 0.93909
-83.96985 0.93922
-83.98505 0.93957
-83.98852 0.93968
-84.00372 0.93959
-84.01892 0.93972
-84.03412 0.94007
-84.03760 0.94018
-84.05280 0.94009
-84.06799 0.94022
-84.08318 0.94057
-84.08669 0.94068
-84.10188 0.94059
-84.11707 0.94072
-84.13225 0.94107
-84.13578 0.94118
-84.15096 0.94110
-84.16614 0.94123
-84.18131 0.94158
-84.18486 0.94169
-84.20004 0.94160
-84.21521 0.94173
-84.23037 0.94207
-84.23395 0.94219
-84.24912 0.94210
-84.26428 0.94223
-84.27943 0.94258
-84.28304 0.94269
-84.29819 0.94260
-84.31335 0.94273
-84.32849 0.94308
-84.33213 0.94319
-84.34728 0.94310
-84.36242 0.94323
-84.37756 0.94358
-84.38122 0.94370
-84.39636 0.94361
-84.41150 0.94373
-84.42663 0.94408
-84.43030 0.94419
-84.44543 0.94411
-84.46056 0.94424
-84.47568 0.94458
-84.47939 0.94470
-84.49452 0.94461
-84.50964 0.94474
-84.52475 0.94508
-84.52848 0.94520
-84.54359 0.94511
-84.55870 0.94524
-84.57381 0.94559
-84.57757 0.94571
-84.59267 0.94562
-84.60778 0.94574
-84.62288 0.94608
-84.62665 0.94620
-84.64175 0.94612
-84.65685 0.94625
-84.67194 0.94659
-84.67574 0.94671
-84.69083 0.94662
-84.70592 0.94675
-84.72100 0.94709
-84.72483 0.94721
-84.73991 0.94712
-84.75499 0.94725
-84.77007 0.94759
-84.77392 0.94771
-84.78899 0.94762
-84.80406 0.94775
-84.81913 0.94809
-84.82300 0.94821
-84.83807 0.94812
-84.85313 0.94825
-84.86819 0.94859
-84.87209 0.94871
-84.88715 0.94863
-84.90220 0.94875
-84.91725 0.94910
-84.92118 0.94922
-84.93623 0.94913
-84.95128 0.94926
-84.96632 0.94960
-84.97026 0.94972
-84.98530 0.94963
-85.00035 0.94976
-85.01538 0.95010
-85.01935 0.95022
-85.03439 0.95013
-85.04942 0.95026
-85.06445 0.95060
-85.06844 0.95073
-85.08346 0.95064
-85.09849 0.95076
-85.11351 0.95110
-85.11753 0.95123
-85.13255 0.95114
-85.14756 0.95126
-85.16257 0.95160
-85.16661 0.95173
-85.18163 0.95164
-85.19664 0.95176
-85.21164 0.95210
-85.21570 0.95223
-85.23070 0.95214
-85.24570 0.95227
-85.26070 0.95261
-85.26479 0.95274
-85.27979 0.95265
-85.29478 0.95277
-85.30977 0.95310
-85.31387 0.95323
-85.32886 0.95315
-85.34385 0.95327
-85.35883 0.95361
-85.36296 0.95374
-85.37794 0.95365
-85.39292 0.95377
-85.40789 0.95411
-85.41205 0.95424
-85.42702 0.95415
-85.44199 0.95428
-85.45696 0.95461
-85.46114 0.95475
-85.47610 0.95465
-85.49107 0.95478
-85.50602 0.95511
-85.51022 0.95524
-85.52518 0.95515
-85.54013 0.95528
-85.55508 0.95562
-85.55931 0.95575
-85.57426 0.95566
-85.58921 0.95578
-85.60415 0.95612
-85.60840 0.95625
-85.62334 0.95616
-85.63828 0.95628
-85.65321 0.95662
-85.65749 0.95675
-85.67242 0.95666
-85.68735 0.95678
-85.70228 0.95712
-85.70657 0.95725
-85.72149 0.95716
-85.73642 0.95729
-85.75133 0.95762
-85.75566 0.95776
-85.77058 0.95767
-85.78549 0.95779
-85.80040 0.95812
-85.80475 0.95826
-85.81966 0.95817
-85.83457 0.95829
-85.84947 0.95862
-85.85384 0.95876
-85.86874 0.95867
-85.88364 0.95879
-85.89853 0.95912
-85.90292 0.95926
-85.91782 0.95917
-85.93271 0.95929
-85.94759 0.95962
-85.95201 0.95976
-85.96690 0.95967
-85.98178 0.95979
-85.99666 0.96013
-86.00110 0.96027
-86.01598 0.96018
-86.03085 0.96030
-86.04572 0.96063
-86.05019 0.96077
-86.06506 0.96068
-86.07993 0.96080
-86.09479 0.96113
-86.09927 0.96127
-86.11413 0.96118
-86.12900 0.96130
-86.14385 0.96163
-86.14836 0.96177
-86.16321 0.96168
-86.17807 0.96180
-86.19291 0.96213
-86.19745 0.96228
-86.21230 0.96218
-86.22714 0.96230
-86.24198 0.96263
-86.24653 0.96278
-86.26137 0.96269
-86.27621 0.96281
-86.29104 0.96314
-86.29562 0.96328
-86.31045 0.96319
-86.32528 0.96331
-86.34010 0.96364
-86.34471 0.96378
-86.35953 0.96369
-86.37435 0.96381
-86.38917 0.96414
-86.39380 0.96429
-86.40861 0.96419
-86.42343 0.96431
-86.43824 0.96464
-86.44289 0.96479
-86.45770 0.96470
-86.47250 0.96481
-86.48730 0.96514
-86.49197 0.96529
-86.50677 0.96520
-86.52157 0.96531
-86.53636 0.96564
-86.54106 0.96579
-86.55586 0.96570
-86.57065 0.96582
-86.58543 0.96615
-86.59015 0.96630
-86.60493 0.96620
-86.61972 0.96632
-86.63449 0.96665
-86.63924 0.96680
-86.65401 0.96670
-86.66879 0.96682
-86.68356 0.96715
-86.68832 0.96730
-86.70309 0.96721
-86.71786 0.96732
-86.73262 0.96765
-86.73741 0.96780
-86.75217 0.96771
-86.76693 0.96782
-86.78169 0.96815
-86.78650 0.96830
-86.80126 0.96821
-86.81601 0.96833
-86.83076 0.96865
-86.83558 0.96881
-86.85033 0.96871
-86.86507 0.96883
-86.87981 0.96915
-86.88467 0.96931
-86.89941 0.96921
-86.91415 0.96933
-86.92888 0.96966
-86.93376 0.96981
-86.94849 0.96972
-86.96322 0.96983
-86.97794 0.97016
-86.98285 0.97031
-86.99757 0.97022
-87.01229 0.97033
-87.02701 0.97066
-87.03194 0.97081
-87.04665 0.97072
-87.06137 0.97083
-87.07608 0.97116
-87.08103 0.97132
-87.09573 0.97122
-87.11044 0.97134
-87.12514 0.97166
-87.13011 0.97182
-87.14481 0.97173
-87.15951 0.97184
-87.17420 0.97216
-87.17920 0.97232
-87.19389 0.97223
-87.20858 0.97234
-87.22327 0.97266
-87.22828 0.97282
-87.24297 0.97273
-87.25765 0.97284
-87.27233 0.97317
-87.27737 0.97333
-87.29205 0.97323
-87.30673 0.97334
-87.32140 0.97367
-87.32646 0.97383
-87.34113 0.97373
-87.35580 0.97385
-87.37046 0.97417
-87.37555 0.97433
-87.39021 0.97424
-87.40487 0.97435
-87.41953 0.97467
-87.42463 0.97483
-87.43929 0.97474
-87.45394 0.97485
-87.46859 0.97518
-87.47372 0.97534
-87.48837 0.97524
-87.50301 0.97535
-87.51766 0.97567
-87.52281 0.97583
-87.53745 0.97574
-87.55209 0.97585
-87.56672 0.97618
-87.57190 0.97634
-87.58653 0.97624
-87.60116 0.97636
-87.61579 0.97668
-87.62099 0.97684
-87.63561 0.97675
-87.65024 0.97686
-87.66485 0.97718
-87.67007 0.97734
-87.68469 0.97725
-87.69930 0.97736
-87.71392 0.97768
-87.71916 0.97785
-87.73376 0.97775
-87.74837 0.97786
-87.76298 0.97818
-87.76825 0.97835
-87.78285 0.97825
-87.79745 0.97836
-87.81205 0.97868
-87.81733 0.97885
-87.83193 0.97875
-87.84652 0.97886
-87.86111 0.97918
-87.86642 0.97935
-87.88101 0.97925
-87.89559 0.97936
-87.91018 0.97968
-87.91551 0.97985
-87.93009 0.97976
-87.94467 0.97987
-87.95924 0.98019
-87.96459 0.98036
-87.97917 0.98026
-87.99374 0.98037
-88.00830 0.98069
-88.01368 0.98086
-88.02825 0.98076
-88.04281 0.98087
-88.05737 0.98119
-88.06277 0.98136
-88.07733 0.98126
-88.09189 0.98137
-88.10644 0.98169
-88.11186 0.98186
-88.12641 0.98177
-88.14096 0.98188
-88.15550 0.98220
-88.16094 0.98237
-88.17549 0.98227
-88.19003 0.98238
-88.20456 0.98270
-88.21003 0.98287
-88.22456 0.98277
-88.23910 0.98288
-88.25363 0.98320
-88.25912 0.98337
-88.27365 0.98327
-88.28817 0.98338
-88.30269 0.98370
-88.30821 0.98387
-88.32273 0.98377
-88.33725 0.98388
-88.35176 0.98420
-88.35730 0.98438
-88.37181 0.98428
-88.38632 0.98439
-88.40083 0.98470
-88.40638 0.98488
-88.42088 0.98478
-88.43539 0.98489
-88.44989 0.98520
-88.45547 0.98538
-88.46997 0.98528
-88.48447 0.98539
-88.49896 0.98571
-88.50455 0.98588
-88.51904 0.98578
-88.53353 0.98589
-88.54802 0.98621
-88.55364 0.98639
-88.56813 0.98629
-88.58261 0.98639
-88.59709 0.98670
-88.60273 0.98688
-88.61721 0.98679
-88.63168 0.98689
-88.64615 0.98721
-88.65182 0.98739
-88.66628 0.98729
-88.68075 0.98740
-88.69522 0.98771
-88.70091 0.98789
-88.71537 0.98779
-88.72983 0.98790
-88.74428 0.98821
-88.74999 0.98839
-88.76445 0.98829
-88.77890 0.98840
-88.79335 0.98871
-88.79908 0.98889
-88.81353 0.98879
-88.82797 0.98890
-88.84241 0.98921
-88.84817 0.98940
-88.86261 0.98930
-88.87705 0.98940
-88.89148 0.98972
-88.89725 0.98990
-88.91168 0.98980
-88.92611 0.98990
-88.94054 0.99021
-88.94634 0.99040
-88.96077 0.99030
-88.97519 0.99041
-88.98961 0.99072
-88.99543 0.99091
-89.00985 0.99081
-89.02426 0.99091
-89.03867 0.99122
-89.04452 0.99141
-89.05893 0.99130
-89.07334 0.99141
-89.08774 0.99172
-89.09361 0.99190
-89.10801 0.99181
-89.12241 0.99191
-89.13681 0.99223
-89.14269 0.99241
-89.15709 0.99231
-89.17148 0.99242
-89.18587 0.99273
-89.19178 0.99291
-89.20617 0.99281
-89.22056 0.99291
-89.23494 0.99322
-89.24087 0.99341
-89.25525 0.99331
-89.26963 0.99342
-89.28400 0.99373
-89.28996 0.99391
-89.30433 0.99381
-89.31870 0.99392
-89.33307 0.99423
-89.33904 0.99442
-89.35341 0.99432
-89.36778 0.99442
-89.38214 0.99473
-89.38813 0.99492
-89.40249 0.99482
-89.41685 0.99492
-89.43120 0.99523
-89.43721 0.99542
-89.45156 0.99532
-89.46592 0.99543
-89.48026 0.99574
-89.48631 0.99593
-89.50065 0.99583
-89.51500 0.99593
-89.52933 0.99624
-89.53539 0.99643
-89.54973 0.99633
-89.56407 0.99643
-89.57840 0.99674
-89.58448 0.99693
-89.59881 0.99683
-89.61314 0.99693
-89.62746 0.99724
-89.63356 0.99743
-89.64789 0.99733
-89.66221 0.99743
-89.67653 0.99774
-89.68265 0.99794
-89.69697 0.99783
-89.71129 0.99793
-89.72560 0.99824
-89.73174 0.99843
-89.74605 0.99833
-89.76036 0.99843
-89.77466 0.99874
-89.78083 0.99894
-89.79513 0.99884
-89.80943 0.99894
-89.82373 0.99925
-89.82991 0.99944
-89.84421 0.99934
-89.85850 0.99944
-89.87279 0.99975
-89.87900 0.99995
-89.89329 0.99984
-89.90758 0.99994
-89.91111 1.00000

