#  Created by Sandify
#  https://sandify.org
#  Version: 0.2.4
#
#  Machine type: Polar
#    Max radius (mm): 140
#    Start point: center
#    End point: none
#  Content type: shape
#  Layer:
#    Shape: Star
#    Name: Star
#    Number of points: 5
#    Size of points: 0.5
#    Visible: true
#    Initial width: 9
#    Initial height: 9
#    X offset: 0
#    Y offset: 0
#    Rotate (degrees): 0
#    Reverse path: false
#    Number of loops: 15
#    When transforming shape: smear
#    Scale: true
#      Scale (+/-): 100
#      Scale by: constant
#    Spin: false
#    Track: false
#    Fine tuning:
#      Connect to next layer: line
#      Draw portion of path (%): 100
#      Backtrack at end (%): 0
#      Rotate starting point (%): 0
#  Reverse export path: false
#
# File name: 'Star'
#

0.00000 0.00000
1.57080 0.01429
1.57080 0.02857
1.57080 0.03214
1.27060 0.04137
1.08993 0.05290
0.97622 0.06552
0.94247 0.07071
0.82114 0.05875
0.64220 0.04808
0.37600 0.03975
0.31420 0.03857
0.05210 0.04746
-0.11950 0.05853
-0.23429 0.07076
-0.31413 0.08357
-0.41209 0.07145
-0.54808 0.06029
-0.74022 0.05072
-0.94250 0.04500
-1.17476 0.05363
-1.33652 0.06431
-1.45016 0.07618
-1.53241 0.08876
-1.57080 0.09643
-1.65281 0.08420
-1.76164 0.07273
-1.90867 0.06243
-2.10738 0.05397
-2.19910 0.05143
-2.40746 0.05985
-2.55959 0.07020
-2.67079 0.08174
-2.75372 0.09404
-2.81714 0.10683
-2.82743 0.10928
-2.89792 0.09698
-2.98828 0.08529
-3.10600 0.07452
-3.26047 0.06511
-3.45573 0.05786
-3.64454 0.06611
-3.78760 0.07617
-3.89563 0.08742
-3.97832 0.09945
-4.04282 0.11201
-4.08407 0.12214
-4.14584 0.10977
-4.22290 0.09793
-4.32039 0.08682
-4.44486 0.07678
-4.60344 0.06826
-4.71239 0.06429
-4.88495 0.07240
-5.01962 0.08221
-5.12412 0.09319
-5.20591 0.10497
-5.27086 0.11730
-5.32327 0.13004
-5.34071 0.13500
-5.39566 0.12258
-5.46273 0.11062
-5.54559 0.09927
-5.64889 0.08878
-5.77805 0.07948
-5.93792 0.07183
-5.96904 0.07071
-6.12788 0.07871
-6.25488 0.08831
-6.35571 0.09904
-6.43617 0.11058
-6.50109 0.12270
-6.55417 0.13525
-6.59736 0.14786
-6.64683 0.13541
-6.70614 0.12335
-6.77798 0.11182
-6.86576 0.10100
-6.97353 0.09113
-7.10547 0.08258
-7.22565 0.07714
-7.37277 0.08504
-7.49279 0.09445
-7.58994 0.10496
-7.66881 0.11628
-7.73336 0.12820
-7.78675 0.14056
-7.83140 0.15325
-7.85398 0.16071
-7.89897 0.14823
-7.95210 0.13610
-8.01540 0.12443
-8.09143 0.11335
-8.18325 0.10308
-8.29422 0.09385
-8.42731 0.08602
-8.48232 0.08357
-8.61931 0.09138
-8.73297 0.10062
-8.82653 0.11094
-8.90361 0.12206
-8.96752 0.13378
-9.02095 0.14596
-9.06605 0.15849
-9.10446 0.17130
-9.11063 0.17357
-9.15187 0.16106
-9.19996 0.14887
-9.25647 0.13708
-9.32335 0.12582
-9.40294 0.11522
-9.49791 0.10550
-9.61090 0.09691
-9.73897 0.09000
-9.86712 0.09773
-9.97500 0.10683
-10.06508 0.11696
-10.14030 0.12790
-10.20337 0.13943
-10.25663 0.15144
-10.30196 0.16382
-10.34085 0.17648
-10.36725 0.18643
-10.40533 0.17389
-10.44924 0.16165
-10.50022 0.14977
-10.55981 0.13834
-10.62983 0.12750
-10.71236 0.11739
-10.80964 0.10822
-10.92360 0.10027
-10.99557 0.09643
-11.11595 0.10410
-11.21855 0.11306
-11.30532 0.12303
-11.37862 0.13378
-11.44073 0.14515
-11.49365 0.15699
-11.53904 0.16922
-11.57825 0.18174
-11.61235 0.19450
-11.62388 0.19929
-11.65923 0.18673
-11.69961 0.17445
-11.74602 0.16249
-11.79967 0.15093
-11.86200 0.13988
-11.93468 0.12947
-12.01954 0.11986
-12.11833 0.11125
-12.23234 0.10390
-12.25220 0.10286
-12.36568 0.11047
-12.46347 0.11931
-12.54709 0.12913
-12.61847 0.13972
-12.67953 0.15092
-12.73198 0.16261
-12.77730 0.17468
-12.81668 0.18707
-12.85113 0.19971
-12.88054 0.21214
-12.91353 0.19957
-12.95091 0.18725
-12.99348 0.17522
-13.04223 0.16356
-13.09830 0.15234
-13.16304 0.14168
-13.23794 0.13171
-13.32453 0.12260
-13.42413 0.11454
-13.50886 0.10929
-13.61619 0.11684
-13.70956 0.12558
-13.79018 0.13526
-13.85965 0.14570
-13.91958 0.15675
-13.97147 0.16828
-14.01659 0.18021
-14.05604 0.19247
-14.09072 0.20498
-14.12137 0.21772
-14.13717 0.22500
-14.16809 0.21241
-14.20287 0.20006
-14.24217 0.18798
-14.28680 0.17622
-14.33768 0.16487
-14.39591 0.15401
-14.46271 0.14374
-14.53937 0.13422
-14.62714 0.12560
-14.72695 0.11808
-14.76548 0.11571
-14.86730 0.12322
-14.95661 0.13186
-15.03441 0.14141
-15.10201 0.15171
-15.16079 0.16261
-15.21202 0.17401
-15.25686 0.18580
-15.29628 0.19792
-15.33110 0.21032
-15.36202 0.22294
-15.38959 0.23575
-15.39381 0.23786
-15.42291 0.22526
-15.45543 0.21287
-15.49192 0.20074
-15.53304 0.18891
-15.57956 0.17744
-15.63238 0.16641
-15.69251 0.15590
-15.76103 0.14604
-15.83904 0.13697
-15.92750 0.12884
-16.02211 0.12214
-16.11894 0.12961
-16.20452 0.13816
-16.27965 0.14759
-16.34543 0.15776
-16.40303 0.16852
-16.45356 0.17978
-16.49805 0.19144
-16.53735 0.20344
-16.57224 0.21571
-16.60333 0.22822
-16.63117 0.24093
-16.65044 0.25071
-16.67792 0.23810
-16.70845 0.22569
-16.74249 0.21352
-16.78060 0.20162
-16.82343 0.19005
-16.87169 0.17887
-16.92625 0.16817
-16.98801 0.15803
-17.05792 0.14858
-17.13688 0.13995
-17.22559 0.13230
-17.27876 0.12857
-17.37107 0.13600
-17.45319 0.14447
-17.52580 0.15379
-17.58981 0.16384
-17.64622 0.17447
-17.69602 0.18560
-17.74008 0.19713
-17.77921 0.20901
-17.81408 0.22117
-17.84529 0.23357
-17.87332 0.24618
-17.89861 0.25896
-17.90707 0.26357
-17.93310 0.25095
-17.96186 0.23852
-17.99376 0.22631
-18.02926 0.21435
-18.06889 0.20269
-18.11328 0.19140
-18.16313 0.18052
-18.21920 0.17015
-18.28233 0.16039
-18.35331 0.15134
-18.43286 0.14315
-18.52142 0.13597
-18.53542 0.13500
-18.62360 0.14239
-18.70254 0.15078
-18.77277 0.16001
-18.83507 0.16994
-18.89030 0.18045
-18.93933 0.19146
-18.98293 0.20287
-19.02182 0.21463
-19.05663 0.22667
-19.08789 0.23897
-19.11606 0.25147
-19.14155 0.26416
-19.16372 0.27643
-19.18844 0.26380
-19.21563 0.25135
-19.24564 0.23910
-19.27885 0.22709
-19.31572 0.21536
-19.35677 0.20396
-19.40260 0.19294
-19.45386 0.18237
-19.51126 0.17234
-19.57550 0.16295
-19.64726 0.15431
-19.72706 0.14656
-19.79205 0.14143
-19.87647 0.14879
-19.95244 0.15711
-20.02042 0.16625
-20.08108 0.17607
-20.13515 0.18646
-20.18339 0.19735
-20.22650 0.20864
-20.26511 0.22029
-20.29980 0.23222
-20.33107 0.24442
-20.35934 0.25682
-20.38498 0.26941
-20.40833 0.28217
-20.42035 0.28929
-20.44390 0.27665
-20.46968 0.26418
-20.49799 0.25190
-20.52918 0.23985
-20.56364 0.22805
-20.60180 0.21655
-20.64417 0.20541
-20.69130 0.19467
-20.74381 0.18442
-20.80231 0.17473
-20.86743 0.16571
-20.93969 0.15747
-21.01946 0.15014
-21.04865 0.14786
-21.12961 0.15519
-21.20283 0.16345
-21.26870 0.17249
-21.32778 0.18221
-21.38071 0.19250
-21.42815 0.20327
-21.47073 0.21445
-21.50903 0.22598
-21.54357 0.23781
-21.57480 0.24990
-21.60312 0.26221
-21.62889 0.27471
-21.65239 0.28738
-21.67390 0.30019
-21.67700 0.30214
-21.69947 0.28950
-21.72398 0.27701
-21.75079 0.26471
-21.78018 0.25261
-21.81251 0.24076
-21.84813 0.22918
-21.88750 0.21792
-21.93107 0.20704
-21.97937 0.19659
-22.03296 0.18666
-22.09238 0.17731
-22.15814 0.16867
-22.23066 0.16082
-22.30532 0.15429
-22.38308 0.16159
-22.45374 0.16979
-22.51760 0.17875
-22.57515 0.18837
-22.62696 0.19856
-22.67360 0.20922
-22.71563 0.22030
-22.75359 0.23172
-22.78793 0.24345
-22.81908 0.25544
-22.84741 0.26766
-22.87325 0.28007
-22.89689 0.29265
-22.91856 0.30538
-22.93364 0.31500
-22.95513 0.30235
-22.97848 0.28985
-23.00393 0.27752
-23.03172 0.26539
-23.06215 0.25348
-23.09555 0.24183
-23.13227 0.23047
-23.17275 0.21946
-23.21742 0.20885
-23.26675 0.19870
-23.32126 0.18908
-23.38140 0.18008
-23.44760 0.17180
-23.52015 0.16435
-23.56194 0.16071
-23.63676 0.16800
-23.70502 0.17614
-23.76698 0.18502
-23.82308 0.19456
-23.87379 0.20464
-23.91963 0.21520
-23.96111 0.22617
-23.99868 0.23750
-24.03280 0.24913
-24.06384 0.26102
-24.09215 0.27314
-24.11804 0.28546
-24.14177 0.29796
-24.16357 0.31061
-24.18367 0.32340
-24.19026 0.32786
-24.21085 0.31520
-24.23316 0.30268
-24.25737 0.29033
-24.28373 0.27817
-24.31247 0.26621
-24.34388 0.25450
-24.37829 0.24306
-24.41604 0.23193
-24.45754 0.22117
-24.50319 0.21083
-24.55343 0.20098
-24.60870 0.19168
-24.66939 0.18303
-24.73583 0.17511
-24.80821 0.16804
-24.81859 0.16714
-24.89067 0.17440
-24.95668 0.18249
-25.01685 0.19131
-25.07155 0.20075
-25.12119 0.21075
-25.16624 0.22121
-25.20715 0.23208
-25.24434 0.24331
-25.27820 0.25484
-25.30911 0.26663
-25.33737 0.27867
-25.36327 0.29090
-25.38706 0.30332
-25.40898 0.31589
-25.42920 0.32860
-25.44690 0.34071
-25.46667 0.32805
-25.48801 0.31552
-25.51111 0.30315
-25.53616 0.29095
-25.56338 0.27895
-25.59303 0.26718
-25.62538 0.25567
-25.66073 0.24444
-25.69944 0.23355
-25.74186 0.22305
-25.78838 0.21298
-25.83939 0.20343
-25.89527 0.19445
-25.95634 0.18614
-26.02285 0.17858
-26.07522 0.17357
-26.14477 0.18081
-26.20867 0.18885
-26.26715 0.19760
-26.32050 0.20696
-26.36910 0.21687
-26.41337 0.22724
-26.45370 0.23801
-26.49048 0.24914
-26.52408 0.26058
-26.55482 0.27228
-26.58300 0.28423
-26.60889 0.29638
-26.63272 0.30871
-26.65472 0.32120
-26.67505 0.33384
-26.69390 0.34661
-26.70354 0.35357
-26.72254 0.34090
-26.74300 0.32836
-26.76508 0.31597
-26.78895 0.30375
-26.81480 0.29171
-26.84286 0.27989
-26.87336 0.26830
-26.90659 0.25699
-26.94283 0.24599
-26.98240 0.23534
-27.02565 0.22509
-27.07293 0.21530
-27.12459 0.20604
-27.18093 0.19738
-27.24224 0.18941
-27.30865 0.18220
-27.33186 0.18000
-27.39903 0.18721
-27.46096 0.19521
-27.51782 0.20390
-27.56988 0.21319
-27.61748 0.22300
-27.66097 0.23329
-27.70072 0.24397
-27.73709 0.25501
-27.77040 0.26635
-27.80095 0.27797
-27.82903 0.28983
-27.85489 0.30189
-27.87874 0.31414
-27.90079 0.32656
-27.92122 0.33913
-27.94018 0.35182
-27.95781 0.36464
-27.96017 0.36643
-27.97846 0.35375
-27.99812 0.34120
-28.01926 0.32880
-28.04205 0.31655
-28.06666 0.30448
-28.09328 0.29261
-28.12214 0.28096
-28.15346 0.26957
-28.18751 0.25846
-28.22457 0.24768
-28.26493 0.23728
-28.30893 0.22729
-28.35686 0.21778
-28.40904 0.20882
-28.46572 0.20048
-28.52711 0.19283
-28.58848 0.18643
-28.65344 0.19363
-28.71351 0.20158
-28.76884 0.21021
-28.81967 0.21942
-28.86629 0.22916
-28.90902 0.23936
-28.94820 0.24995
-28.98414 0.26090
-29.01715 0.27216
-29.04751 0.28369
-29.07547 0.29546
-29.10127 0.30744
-29.12512 0.31961
-29.14721 0.33195
-29.16771 0.34445
-29.18676 0.35707
-29.20451 0.36982
-29.21682 0.37929
-29.23446 0.36660
-29.25336 0.35405
-29.27365 0.34162
-29.29545 0.32935
-29.31893 0.31725
-29.34425 0.30533
-29.37162 0.29363
-29.40123 0.28217
-29.43332 0.27097
-29.46813 0.26008
-29.50594 0.24953
-29.54702 0.23936
-29.59167 0.22964
-29.64015 0.22041
-29.69273 0.21175
-29.74963 0.20372
-29.81098 0.19640
-29.84513 0.19286
-29.90802 0.20004
-29.96634 0.20795
-30.02021 0.21652
-30.06985 0.22567
-30.11552 0.23533
-30.15751 0.24544
-30.19611 0.25595
-30.23162 0.26682
-30.26432 0.27799
-30.29445 0.28943
-30.32228 0.30112
-30.34800 0.31303
-30.37183 0.32512
-30.39393 0.33739
-30.41448 0.34981
-30.43361 0.36237
-30.45145 0.37505
-30.46812 0.38784
-30.47344 0.39214
-30.49048 0.37946
-30.50868 0.36689
-30.52817 0.35445
-30.54907 0.34216
-30.57151 0.33002
-30.59566 0.31807
-30.62167 0.30632
-30.64974 0.29479
-30.68007 0.28351
-30.71287 0.27251
-30.74840 0.26183
-30.78689 0.25151
-30.82861 0.24159
-30.87381 0.23213
-30.92275 0.22319
-30.97563 0.21482
-31.03263 0.20710
-31.09382 0.20010
-31.10175 0.19928
-31.16269 0.20645
-31.21936 0.21432
-31.27185 0.22284
-31.32035 0.23192
-31.36510 0.24151
-31.40636 0.25155
-31.44440 0.26197
-31.47947 0.27275
-31.51185 0.28384
-31.54176 0.29520
-31.56943 0.30681
-31.59506 0.31864
-31.61885 0.33066
-31.64095 0.34285
-31.66153 0.35520
-31.68072 0.36769
-31.69864 0.38031
-31.71540 0.39304
-31.73008 0.40500
-31.74654 0.39231
-31.76410 0.37973
-31.78286 0.36728
-31.80292 0.35497
-31.82442 0.34281
-31.84748 0.33082
-31.87227 0.31902
-31.89894 0.30743
-31.92768 0.29608
-31.95869 0.28499
-31.99216 0.27420
-32.02834 0.26373
-32.06745 0.25365
-32.10973 0.24398
-32.15541 0.23478
-32.20470 0.22611
-32.25778 0.21804
-32.31477 0.21062
-32.35842 0.20572
-32.41753 0.21286
-32.47263 0.22071
-32.52380 0.22917
-32.57121 0.23819
-32.61507 0.24771
-32.65562 0.25767
-32.69309 0.26802
-32.72773 0.27872
-32.75977 0.28973
-32.78944 0.30101
-32.81694 0.31254
-32.84247 0.32429
-32.86620 0.33623
-32.88829 0.34836
-32.90888 0.36064
-32.92811 0.37306
-32.94610 0.38561
-32.96294 0.39828
-32.97875 0.41105
-32.98672 0.41786
-33.00265 0.40516
-33.01961 0.39258
-33.03768 0.38012
-33.05697 0.36779
-33.07760 0.35560
-33.09967 0.34358
-33.12334 0.33174
-33.14874 0.32009
-33.17603 0.30867
-33.20541 0.29750
-33.23704 0.28660
-33.27114 0.27601
-33.30792 0.26577
-33.34758 0.25591
-33.39034 0.24649
-33.43642 0.23756
-33.48597 0.22917
-33.53915 0.22138
-33.59604 0.21427
-33.61503 0.21214
-33.67243 0.21928
-33.72604 0.22709
-33.77596 0.23550
-33.82232 0.24447
-33.86532 0.25392
-33.90517 0.26380
-33.94208 0.27408
-33.97629 0.28470
-34.00800 0.29563
-34.03742 0.30683
-34.06475 0.31829
-34.09016 0.32996
-34.11382 0.34183
-34.13588 0.35388
-34.15648 0.36609
-34.17574 0.37845
-34.19377 0.39094
-34.21069 0.40355
-34.22658 0.41626
-34.24152 0.42908
-34.24336 0.43072
-34.25879 0.41802
-34.27518 0.40543
-34.29262 0.39295
-34.31120 0.38061
-34.33101 0.36840
-34.35218 0.35634
-34.37481 0.34446
-34.39905 0.33277
-34.42504 0.32128
-34.45293 0.31003
-34.48290 0.29904
-34.51513 0.28834
-34.54980 0.27796
-34.58711 0.26794
-34.62726 0.25832
-34.67044 0.24915
-34.71682 0.24048
-34.76656 0.23236
-34.81976 0.22486
-34.87168 0.21857
-34.92745 0.22569
-34.97966 0.23347
-35.02838 0.24184
-35.07374 0.25075
-35.11591 0.26013
-35.15507 0.26995
-35.19144 0.28015
-35.22521 0.29070
-35.25658 0.30155
-35.28575 0.31268
-35.31289 0.32406
-35.33817 0.33566
-35.36175 0.34746
-35.38376 0.35944
-35.40435 0.37159
-35.42363 0.38388
-35.44171 0.39630
-35.45868 0.40885
-35.47463 0.42151
-35.48966 0.43426
-35.50000 0.44357
-35.51497 0.43087
-35.53083 0.41827
-35.54768 0.40579
-35.56559 0.39342
-35.58466 0.38119
-35.60498 0.36911
-35.62667 0.35719
-35.64985 0.34545
-35.67464 0.33391
-35.70119 0.32259
-35.72965 0.31151
-35.76018 0.30071
-35.79295 0.29020
-35.82815 0.28003
-35.86594 0.27023
-35.90652 0.26085
-35.95004 0.25193
-35.99667 0.24352
-36.04651 0.23568
-36.09965 0.22846
-36.12832 0.22500
-36.18255 0.23211
-36.23342 0.23985
-36.28100 0.24818
-36.32539 0.25704
-36.36675 0.26636
-36.40525 0.27611
-36.44108 0.28625
-36.47442 0.29672
-36.50545 0.30750
-36.53435 0.31856
-36.56130 0.32986
-36.58644 0.34139
-36.60992 0.35312
-36.63189 0.36503
-36.65246 0.37711
-36.67174 0.38934
-36.68984 0.40170
-36.70686 0.41418
-36.72287 0.42678
-36.73797 0.43949
-36.75221 0.45228
-36.75663 0.45643
-36.77115 0.44372
-36.78652 0.43112
-36.80282 0.41862
-36.82011 0.40624
-36.83849 0.39399
-36.85803 0.38189
-36.87885 0.36993
-36.90105 0.35815
-36.92474 0.34656
-36.95006 0.33517
-36.97714 0.32402
-37.00613 0.31312
-37.03718 0.30250
-37.07046 0.29219
-37.10613 0.28223
-37.14435 0.27266
-37.18529 0.26351
-37.22910 0.25484
-37.27589 0.24669
-37.32577 0.23911
-37.37876 0.23217
-37.38495 0.23143
-37.43774 0.23852
-37.48734 0.24624
-37.53382 0.25453
-37.57729 0.26333
-37.61787 0.27260
-37.65572 0.28229
-37.69102 0.29235
-37.72392 0.30275
-37.75462 0.31346
-37.78325 0.32445
-37.81000 0.33568
-37.83499 0.34714
-37.85837 0.35880
-37.88027 0.37065
-37.90081 0.38266
-37.92008 0.39482
-37.93820 0.40712
-37.95525 0.41955
-37.97132 0.43209
-37.98647 0.44474
-38.00079 0.45748
-38.01327 0.46928
-38.02737 0.45658
-38.04228 0.44396
-38.05806 0.43146
-38.07477 0.41907
-38.09250 0.40680
-38.11132 0.39467
-38.13133 0.38268
-38.15263 0.37086
-38.17532 0.35922
-38.19951 0.34778
-38.22533 0.33655
-38.25291 0.32556
-38.28240 0.31484
-38.31394 0.30441
-38.34768 0.29431
-38.38377 0.28456
-38.42237 0.27521
-38.46361 0.26630
-38.50763 0.25787
-38.55453 0.24997
-38.60437 0.24266
-38.64159 0.23785
-38.69300 0.24494
-38.74139 0.25263
-38.78683 0.26088
-38.82940 0.26963
-38.86922 0.27884
-38.90645 0.28847
-38.94122 0.29847
-38.97370 0.30880
-39.00405 0.31944
-39.03242 0.33036
-39.05896 0.34153
-39.08380 0.35291
-39.10707 0.36451
-39.12890 0.37629
-39.14939 0.38823
-39.16865 0.40033
-39.18678 0.41258
-39.20385 0.42494
-39.21996 0.43743
-39.23516 0.45002
-39.24954 0.46271
-39.26315 0.47549
-39.26991 0.48214
-39.28362 0.46943
-39.29809 0.45682
-39.31338 0.44430
-39.32955 0.43190
-39.34668 0.41961
-39.36483 0.40746
-39.38409 0.39544
-39.40455 0.38359
-39.42631 0.37190
-39.44946 0.36040
-39.47413 0.34911
-39.50043 0.33804
-39.52848 0.32722
-39.55844 0.31668
-39.59042 0.30644
-39.62457 0.29654
-39.66104 0.28701
-39.69996 0.27788
-39.74146 0.26920
-39.78564 0.26102
-39.83258 0.25338
-39.88232 0.24633
-39.89823 0.24428
-39.94832 0.25135
-39.99557 0.25902
-40.04000 0.26723
-40.08171 0.27594
-40.12081 0.28510
-40.15742 0.29466
-40.19168 0.30460
-40.22374 0.31487
-40.25376 0.32544
-40.28185 0.33629
-40.30818 0.34739
-40.33285 0.35871
-40.35601 0.37024
-40.37775 0.38195
-40.39819 0.39384
-40.41743 0.40588
-40.43555 0.41806
-40.45264 0.43037
-40.46878 0.44279
-40.48403 0.45533
-40.49846 0.46797
-40.51213 0.48070
-40.52509 0.49351
-40.52654 0.49500
-40.53988 0.48229
-40.55394 0.46966
-40.56877 0.45714
-40.58444 0.44472
-40.60100 0.43242
-40.61852 0.42024
-40.63709 0.40820
-40.65678 0.39631
-40.67767 0.38459
-40.69987 0.37304
-40.72347 0.36168
-40.74860 0.35054
-40.77535 0.33964
-40.80385 0.32900
-40.83423 0.31864
-40.86662 0.30859
-40.90116 0.29889
-40.93796 0.28957
-40.97715 0.28067
-41.01885 0.27222
-41.06312 0.26428
-41.11005 0.25689
-41.15485 0.25071
-41.20371 0.25777
-41.24985 0.26542
-41.29333 0.27359
-41.33421 0.28226
-41.37260 0.29136
-41.40861 0.30087
-41.44237 0.31074
-41.47402 0.32095
-41.50369 0.33146
-41.53152 0.34224
-41.55763 0.35327
-41.58214 0.36453
-41.60517 0.37599
-41.62682 0.38764
-41.64720 0.39946
-41.66641 0.41144
-41.68452 0.42356
-41.70162 0.43582
-41.71778 0.44819
-41.73306 0.46067
-41.74754 0.47326
-41.76126 0.48594
-41.77429 0.49870
-41.78318 0.50786
-41.79616 0.49514
-41.80983 0.48252
-41.82424 0.46999
-41.83942 0.45756
-41.85546 0.44524
-41.87239 0.43304
-41.89031 0.42098
-41.90928 0.40905
-41.92937 0.39729
-41.95069 0.38569
-41.97331 0.37428
-41.99735 0.36308
-42.02290 0.35209
-42.05008 0.34135
-42.07900 0.33088
-42.10978 0.32071
-42.14254 0.31086
-42.17741 0.30136
-42.21450 0.29225
-42.25392 0.28357
-42.29576 0.27536
-42.34008 0.26766
-42.38693 0.26052
-42.41150 0.25714
-42.45917 0.26419
-42.50427 0.27181
-42.54683 0.27996
-42.58691 0.28857
-42.62461 0.29763
-42.66004 0.30708
-42.69331 0.31690
-42.72456 0.32705
-42.75389 0.33749
-42.78144 0.34821
-42.80733 0.35918
-42.83167 0.37037
-42.85457 0.38177
-42.87613 0.39336
-42.89644 0.40512
-42.91561 0.41703
-42.93370 0.42910
-42.95080 0.44129
-42.96697 0.45361
-42.98229 0.46604
-42.99680 0.47857
-43.01057 0.49120
-43.02365 0.50392
-43.03609 0.51672
-43.03983 0.52071
-43.05248 0.50800
-43.06578 0.49537
-43.07978 0.48283
-43.09452 0.47039
-43.11005 0.45805
-43.12644 0.44584
-43.14375 0.43375
-43.16205 0.42180
-43.18140 0.41000
-43.20190 0.39836
-43.22362 0.38689
-43.24665 0.37563
-43.27110 0.36457
-43.29705 0.35374
-43.32463 0.34317
-43.35393 0.33288
-43.38508 0.32288
-43.41818 0.31323
-43.45335 0.30393
-43.49068 0.29504
-43.53028 0.28658
-43.57221 0.27860
-43.61654 0.27114
-43.66327 0.26424
-43.66813 0.26357
-43.71468 0.27061
-43.75877 0.27821
-43.80045 0.28632
-43.83976 0.29490
-43.87680 0.30391
-43.91166 0.31331
-43.94445 0.32307
-43.97529 0.33315
-44.00429 0.34354
-44.03157 0.35419
-44.05724 0.36510
-44.08140 0.37623
-44.10416 0.38756
-44.12562 0.39909
-44.14587 0.41079
-44.16498 0.42265
-44.18305 0.43466
-44.20014 0.44679
-44.21632 0.45906
-44.23166 0.47143
-44.24620 0.48392
-44.26002 0.49650
-44.27314 0.50917
-44.28563 0.52192
-44.29646 0.53357
-44.30880 0.52085
-44.32175 0.50822
-44.33536 0.49567
-44.34968 0.48322
-44.36474 0.47087
-44.38062 0.45864
-44.39736 0.44653
-44.41503 0.43455
-44.43370 0.42272
-44.45343 0.41103
-44.47431 0.39952
-44.49641 0.38820
-44.51984 0.37707
-44.54467 0.36617
-44.57101 0.35550
-44.59896 0.34510
-44.62862 0.33498
-44.66010 0.32517
-44.69351 0.31571
-44.72893 0.30662
-44.76647 0.29794
-44.80620 0.28970
-44.84819 0.28195
-44.89246 0.27472
-44.92478 0.27000
-44.97025 0.27703
-45.01339 0.28461
-45.05421 0.29269
-45.09279 0.30123
-45.12918 0.31019
-45.16349 0.31954
-45.19581 0.32924
-45.22626 0.33927
-45.25492 0.34960
-45.28193 0.36019
-45.30737 0.37104
-45.33136 0.38211
-45.35398 0.39338
-45.37533 0.40485
-45.39549 0.41649
-45.41455 0.42829
-45.43259 0.44024
-45.44966 0.45232
-45.46584 0.46453
-45.48119 0.47686
-45.49576 0.48929
-45.50961 0.50182
-45.52278 0.51444
-45.53532 0.52715
-45.54726 0.53993
-45.55309 0.54643
-45.56513 0.53371
-45.57775 0.52107
-45.59100 0.50851
-45.60491 0.49605
-45.61954 0.48369
-45.63493 0.47144
-45.65114 0.45931
-45.66822 0.44731
-45.68624 0.43544
-45.70526 0.42372
-45.72536 0.41217
-45.74661 0.40079
-45.76909 0.38960
-45.79289 0.37862
-45.81809 0.36786
-45.84479 0.35736
-45.87308 0.34712
-45.90308 0.33718
-45.93486 0.32756
-45.96853 0.31829
-46.00417 0.30941
-46.04187 0.30094
-46.08170 0.29292
-46.12369 0.28539
-46.16788 0.27839
-46.18141 0.27643
-46.22585 0.28345
-46.26807 0.29101
-46.30808 0.29906
-46.34594 0.30756
-46.38171 0.31647
-46.41548 0.32578
-46.44735 0.33543
-46.47740 0.34540
-46.50574 0.35567
-46.53247 0.36620
-46.55769 0.37699
-46.58149 0.38800
-46.60397 0.39921
-46.62521 0.41062
-46.64529 0.42220
-46.66429 0.43395
-46.68229 0.44584
-46.69934 0.45787
-46.71552 0.47003
-46.73087 0.48230
-46.74547 0.49468
-46.75934 0.50716
-46.77255 0.51974
-46.78513 0.53240
-46.79713 0.54514
-46.80857 0.55795
-46.80973 0.55929
-46.82148 0.54656
-46.83379 0.53392
-46.84669 0.52136
-46.86022 0.50889
-46.87443 0.49652
-46.88937 0.48425
-46.90508 0.47210
-46.92161 0.46007
-46.93903 0.44817
-46.95739 0.43642
-46.97676 0.42482
-46.99721 0.41339
-47.01881 0.40215
-47.04165 0.39110
-47.06579 0.38026
-47.09134 0.36966
-47.11838 0.35932
-47.14700 0.34926
-47.17729 0.33949
-47.20934 0.33006
-47.24324 0.32099
-47.27907 0.31230
-47.31690 0.30404
-47.35678 0.29624
-47.39874 0.28894
-47.43805 0.28286
-47.48151 0.28987
-47.52284 0.29741
-47.56207 0.30543
-47.59924 0.31389
-47.63441 0.32277
-47.66766 0.33202
-47.69907 0.34162
-47.72874 0.35154
-47.75676 0.36175
-47.78322 0.37223
-47.80821 0.38296
-47.83183 0.39391
-47.85416 0.40507
-47.87528 0.41642
-47.89527 0.42795
-47.91421 0.43963
-47.93216 0.45147
-47.94919 0.46345
-47.96535 0.47555
-47.98071 0.48777
-47.99532 0.50010
-48.00922 0.51253
-48.02246 0.52506
-48.03507 0.53768
-48.04711 0.55037
-48.05861 0.56314
-48.06636 0.57214
-48.07784 0.55942
-48.08984 0.54677
-48.10241 0.53420
-48.11559 0.52172
-48.12941 0.50934
-48.14392 0.49706
-48.15915 0.48489
-48.17517 0.47284
-48.19202 0.46091
-48.20976 0.44913
-48.22845 0.43749
-48.24816 0.42601
-48.26895 0.41471
-48.29089 0.40360
-48.31406 0.39269
-48.33855 0.38200
-48.36442 0.37156
-48.39177 0.36138
-48.42069 0.35149
-48.45125 0.34190
-48.48354 0.33266
-48.51765 0.32378
-48.55363 0.31530
-48.59154 0.30725
-48.63144 0.29966
-48.67334 0.29258
-48.69469 0.28929
-48.73721 0.29629
-48.77770 0.30381
-48.81618 0.31180
-48.85268 0.32023
-48.88726 0.32907
-48.92000 0.33827
-48.95098 0.34782
-48.98027 0.35769
-49.00797 0.36785
-49.03416 0.37827
-49.05893 0.38894
-49.08236 0.39983
-49.10454 0.41094
-49.12554 0.42223
-49.14544 0.43370
-49.16431 0.44533
-49.18221 0.45712
-49.19921 0.46904
-49.21536 0.48109
-49.23071 0.49326
-49.24532 0.50554
-49.25924 0.51793
-49.27251 0.53041
-49.28516 0.54298
-49.29724 0.55563
-49.30878 0.56836
-49.31981 0.58116
-49.32301 0.58500
-49.33422 0.57227
-49.34595 0.55962
-49.35821 0.54705
-49.37104 0.53456
-49.38449 0.52217
-49.39859 0.50987
-49.41338 0.49768
-49.42891 0.48561
-49.44523 0.47366
-49.46239 0.46184
-49.48045 0.45017
-49.49946 0.43865
-49.51949 0.42729
-49.54060 0.41612
-49.56287 0.40514
-49.58636 0.39438
-49.61116 0.38384
-49.63734 0.37356
-49.66499 0.36354
-49.69417 0.35382
-49.72498 0.34441
-49.75748 0.33536
-49.79175 0.32667
-49.82785 0.31839
-49.86582 0.31055
-49.90570 0.30317
-49.94750 0.29630
-49.95133 0.29572
-49.99296 0.30272
-50.03264 0.31022
-50.07038 0.31818
-50.10624 0.32658
-50.14026 0.33537
-50.17250 0.34453
-50.20305 0.35404
-50.23197 0.36385
-50.25935 0.37396
-50.28527 0.38432
-50.30982 0.39494
-50.33306 0.40578
-50.35509 0.41682
-50.37597 0.42806
-50.39577 0.43948
-50.41456 0.45106
-50.43241 0.46279
-50.44937 0.47466
-50.46550 0.48666
-50.48084 0.49878
-50.49546 0.51101
-50.50939 0.52335
-50.52267 0.53578
-50.53536 0.54830
-50.54747 0.56091
-50.55905 0.57360
-50.57012 0.58636
-50.57965 0.59785
-50.59061 0.58513
-50.60206 0.57247
-50.61402 0.55989
-50.62653 0.54740
-50.63963 0.53499
-50.65334 0.52269
-50.66772 0.51048
-50.68279 0.49839
-50.69861 0.48641
-50.71522 0.47456
-50.73268 0.46285
-50.75104 0.45129
-50.77036 0.43989
-50.79070 0.42866
-50.81212 0.41762
-50.83470 0.40678
-50.85850 0.39616
-50.88359 0.38577
-50.91006 0.37564
-50.93797 0.36579
-50.96740 0.35624
-50.99843 0.34702
-51.03111 0.33814
-51.06552 0.32965
-51.10171 0.32157
-51.13970 0.31393
-51.17953 0.30677
-51.20796 0.30214
-51.24872 0.30913
-51.28762 0.31662
-51.32467 0.32456
-51.35991 0.33292
-51.39338 0.34168
-51.42514 0.35080
-51.45526 0.36025
-51.48382 0.37002
-51.51089 0.38007
-51.53655 0.39039
-51.56087 0.40094
-51.58393 0.41173
-51.60580 0.42272
-51.62655 0.43391
-51.64625 0.44527
-51.66497 0.45679
-51.68276 0.46847
-51.69967 0.48029
-51.71577 0.49224
-51.73111 0.50431
-51.74572 0.51650
-51.75966 0.52878
-51.77296 0.54117
-51.78566 0.55365
-51.79781 0.56622
-51.80942 0.57886
-51.82053 0.59158
-51.83118 0.60437
-51.83628 0.61071
-51.84700 0.59798
-51.85819 0.58532
-51.86987 0.57274
-51.88208 0.56024
-51.89484 0.54782
-51.90819 0.53550
-51.92216 0.52328
-51.93680 0.51117
-51.95215 0.49917
-51.96825 0.48729
-51.98515 0.47555
-52.00290 0.46395
-52.02156 0.45251
-52.04117 0.44122
-52.06181 0.43012
-52.08353 0.41921
-52.10640 0.40851
-52.13049 0.39803
-52.15586 0.38780
-52.18259 0.37783
-52.21075 0.36815
-52.24040 0.35877
-52.27162 0.34972
-52.30446 0.34104
-52.33898 0.33274
-52.37522 0.32485
-52.41320 0.31742
-52.45295 0.31046
-52.46458 0.30857
-52.50452 0.31556
-52.54267 0.32302
-52.57905 0.33094
-52.61368 0.33927
-52.64661 0.34799
-52.67791 0.35707
-52.70762 0.36648
-52.73582 0.37620
-52.76259 0.38620
-52.78798 0.39646
-52.81208 0.40697
-52.83495 0.41770
-52.85667 0.42864
-52.87729 0.43977
-52.89689 0.45108
-52.91552 0.46255
-52.93325 0.47418
-52.95012 0.48595
-52.96619 0.49785
-52.98151 0.50987
-52.99612 0.52200
-53.01006 0.53425
-53.02337 0.54659
-53.03610 0.55902
-53.04827 0.57154
-53.05991 0.58415
-53.07106 0.59682
-53.08175 0.60957
-53.09200 0.62239
-53.09292 0.62357
-53.10341 0.61084
-53.11435 0.59817
-53.12577 0.58559
-53.13768 0.57308
-53.15012 0.56065
-53.16312 0.54832
-53.17672 0.53609
-53.19096 0.52395
-53.20586 0.51193
-53.22148 0.50003
-53.23785 0.48826
-53.25503 0.47662
-53.27306 0.46513
-53.29200 0.45380
-53.31190 0.44264
-53.33283 0.43167
-53.35483 0.42089
-53.37798 0.41033
-53.40234 0.40000
-53.42797 0.38992
-53.45495 0.38011
-53.48333 0.37059
-53.51318 0.36139
-53.54456 0.35252
-53.57753 0.34402
-53.61213 0.33591
-53.64840 0.32822
-53.68635 0.32099
-53.72124 0.31500
-53.76038 0.32198
-53.79781 0.32943
-53.83353 0.33733
-53.86758 0.34563
-53.90000 0.35431
-53.93083 0.36335
-53.96014 0.37272
-53.98799 0.38239
-54.01445 0.39234
-54.03959 0.40255
-54.06346 0.41301
-54.08614 0.42369
-54.10770 0.43458
-54.12820 0.44565
-54.14769 0.45691
-54.16624 0.46833
-54.18390 0.47991
-54.20072 0.49163
-54.21676 0.50348
-54.23205 0.51545
-54.24665 0.52754
-54.26059 0.53974
-54.27391 0.55203
-54.28665 0.56442
-54.29884 0.57690
-54.31051 0.58946
-54.32169 0.60210
-54.33241 0.61481
-54.34270 0.62759
-54.34955 0.63643
-54.35982 0.62369
-54.37053 0.61103
-54.38168 0.59843
-54.39331 0.58592
-54.40545 0.57349
-54.41813 0.56114
-54.43137 0.54889
-54.44521 0.53674
-54.45970 0.52470
-54.47486 0.51277
-54.49074 0.50097
-54.50738 0.48930
-54.52483 0.47777
-54.54313 0.46639
-54.56234 0.45518
-54.58252 0.44415
-54.60372 0.43330
-54.62599 0.42266
-54.64940 0.41224
-54.67401 0.40206
-54.69989 0.39213
-54.72708 0.38248
-54.75567 0.37313
-54.78570 0.36409
-54.81722 0.35540
-54.85029 0.34709
-54.88495 0.33917
-54.92121 0.33167
-54.95910 0.32464
-54.97787 0.32143
-55.01625 0.32840
-55.05298 0.33584
-55.08808 0.34371
-55.12156 0.35198
-55.15348 0.36063
-55.18387 0.36963
-55.21279 0.37895
-55.24030 0.38858
-55.26646 0.39848
-55.29133 0.40865
-55.31498 0.41905
-55.33748 0.42968
-55.35888 0.44052
-55.37924 0.45155
-55.39863 0.46275
-55.41709 0.47412
-55.43468 0.48565
-55.45145 0.49732
-55.46745 0.50912
-55.48272 0.52104
-55.49730 0.53309
-55.51123 0.54524
-55.52456 0.55749
-55.53731 0.56984
-55.54952 0.58227
-55.56121 0.59479
-55.57242 0.60739
-55.58318 0.62006
-55.59350 0.63280
-55.60341 0.64560
-55.60619 0.64929
-55.61626 0.63655
-55.62673 0.62388
-55.63764 0.61129
-55.64900 0.59876
-55.66085 0.58632
-55.67322 0.57397
-55.68612 0.56170
-55.69960 0.54954
-55.71368 0.53748
-55.72841 0.52552
-55.74382 0.51369
-55.75995 0.50199
-55.77685 0.49042
-55.79456 0.47900
-55.81313 0.46774
-55.83260 0.45665
-55.85304 0.44574
-55.87450 0.43502
-55.89703 0.42452
-55.92068 0.41424
-55.94553 0.40420
-55.97163 0.39443
-55.99903 0.38494
-56.02779 0.37575
-56.05797 0.36689
-56.08962 0.35838
-56.12277 0.35024
-56.15745 0.34251
-56.19369 0.33521
-56.23149 0.32837
-56.23450 0.32785
-56.27215 0.33482
-56.30821 0.34224
-56.34270 0.35009
-56.37564 0.35833
-56.40707 0.36695
-56.43702 0.37591
-56.46556 0.38519
-56.49273 0.39478
-56.51860 0.40464
-56.54322 0.41475
-56.56665 0.42511
-56.58896 0.43569
-56.61020 0.44647
-56.63043 0.45745
-56.64971 0.46861
-56.66808 0.47993
-56.68560 0.49140
-56.70231 0.50302
-56.71827 0.51478
-56.73351 0.52666
-56.74807 0.53865
-56.76200 0.55076
-56.77532 0.56297
-56.78808 0.57527
-56.80030 0.58766
-56.81202 0.60014
-56.82325 0.61270
-56.83404 0.62533
-56.84439 0.63803
-56.85434 0.65079
-56.86283 0.66214
-56.87269 0.64941
-56.88295 0.63673
-56.89362 0.62413
-56.90473 0.61160
-56.91631 0.59915
-56.92837 0.58679
-56.94095 0.57451
-56.95408 0.56233
-56.96779 0.55025
-56.98211 0.53828
-56.99708 0.52642
-57.01273 0.51468
-57.02911 0.50308
-57.04626 0.49162
-57.06422 0.48031
-57.08305 0.46917
-57.10278 0.45819
-57.12347 0.44741
-57.14517 0.43682
-57.16794 0.42646
-57.19183 0.41632
-57.21690 0.40643
-57.24320 0.39681
-57.27079 0.38748
-57.29971 0.37846
-57.33003 0.36977
-57.36177 0.36144
-57.39497 0.35348
-57.42966 0.34594
-57.46585 0.33883
-57.49115 0.33428
-57.52809 0.34124
-57.56351 0.34865
-57.59741 0.35648
-57.62982 0.36470
-57.66077 0.37328
-57.69030 0.38220
-57.71846 0.39145
-57.74531 0.40099
-57.77088 0.41080
-57.79525 0.42087
-57.81847 0.43118
-57.84059 0.44171
-57.86167 0.45245
-57.88176 0.46338
-57.90093 0.47448
-57.91921 0.48576
-57.93665 0.49718
-57.95331 0.50875
-57.96922 0.52046
-57.98442 0.53229
-57.99897 0.54425
-58.01288 0.55631
-58.02620 0.56847
-58.03896 0.58073
-58.05120 0.59308
-58.06293 0.60552
-58.07418 0.61803
-58.08499 0.63063
-58.09538 0.64329
-58.10536 0.65602
-58.11496 0.66881
-58.11946 0.67500
-58.12913 0.66226
-58.13918 0.64959
-58.14963 0.63698
-58.16050 0.62445
-58.17181 0.61199
-58.18359 0.59961
-58.19586 0.58732
-58.20866 0.57513
-58.22201 0.56303
-58.23594 0.55103
-58.25049 0.53915
-58.26569 0.52739
-58.28159 0.51575
-58.29821 0.50425
-58.31560 0.49290
-58.33381 0.48170
-58.35287 0.47067
-58.37285 0.45982
-58.39378 0.44916
-58.41571 0.43871
-58.43871 0.42848
-58.46282 0.41849
-58.48809 0.40875
-58.51458 0.39928
-58.54233 0.39011
-58.57140 0.38126
-58.60182 0.37274
-58.63364 0.36458
-58.66687 0.35681
-58.70154 0.34945
-58.73767 0.34252
-58.74778 0.34071
-58.78404 0.34767
-58.81883 0.35506
-58.85217 0.36287
-58.88406 0.37106
-58.91455 0.37961
-58.94367 0.38850
-58.97147 0.39770
-58.99799 0.40720
-59.02328 0.41697
-59.04740 0.42700
-59.07040 0.43726
-59.09234 0.44774
-59.11326 0.45843
-59.13322 0.46931
-59.15227 0.48037
-59.17045 0.49159
-59.18782 0.50297
-59.20442 0.51450
-59.22028 0.52616
-59.23545 0.53794
-59.24997 0.54985
-59.26387 0.56186
-59.27719 0.57399
-59.28995 0.58620
-59.30219 0.59851
-59.31393 0.61091
-59.32521 0.62338
-59.33604 0.63594
-59.34645 0.64856
-59.35646 0.66125
-59.36610 0.67401
-59.37537 0.68683
-59.37611 0.68786
-59.38559 0.67512
-59.39544 0.66244
-59.40567 0.64983
-59.41630 0.63729
-59.42736 0.62482
-59.43887 0.61244
-59.45085 0.60014
-59.46333 0.58793
-59.47634 0.57581
-59.48991 0.56380
-59.50406 0.55189
-59.51883 0.54010
-59.53426 0.52843
-59.55039 0.51690
-59.56724 0.50550
-59.58487 0.49426
-59.60331 0.48317
-59.62261 0.47226
-59.64282 0.46153
-59.66398 0.45100
-59.68613 0.44068
-59.70935 0.43059
-59.73366 0.42074
-59.75912 0.41115
-59.78577 0.40184
-59.81368 0.39283
-59.84286 0.38414
-59.87337 0.37579
-59.90524 0.36780
-59.93849 0.36021
-59.97312 0.35303
-60.00442 0.34714
-60.04002 0.35409
-60.07421 0.36147
-60.10700 0.36926
-60.13840 0.37742
-60.16844 0.38594
-60.19716 0.39480
-60.22460 0.40397
-60.25080 0.41342
-60.27581 0.42315
-60.29969 0.43313
-60.32247 0.44335
-60.34422 0.45378
-60.36498 0.46443
-60.38481 0.47526
-60.40374 0.48627
-60.42183 0.49745
-60.43912 0.50878
-60.45565 0.52026
-60.47146 0.53187
-60.48660 0.54361
-60.50109 0.55547
-60.51497 0.56745
-60.52827 0.57952
-60.54103 0.59170
-60.55328 0.60397
-60.56503 0.61632
-60.57632 0.62876
-60.58717 0.64128
-60.59761 0.65386
-60.60765 0.66652
-60.61731 0.67924
-60.62662 0.69202
-60.63274 0.70072
-60.64204 0.68798
-60.65170 0.67530
-60.66172 0.66268
-60.67213 0.65014
-60.68295 0.63766
-60.69420 0.62527
-60.70590 0.61296
-60.71808 0.60073
-60.73077 0.58860
-60.74398 0.57657
-60.75776 0.56464
-60.77213 0.55282
-60.78712 0.54112
-60.80278 0.52955
-60.81912 0.51812
-60.83620 0.50683
-60.85406 0.49569
-60.87273 0.48472
-60.89225 0.47393
-60.91268 0.46332
-60.93405 0.45292
-60.95642 0.44274
-60.97983 0.43278
-61.00433 0.42308
-61.02996 0.41364
-61.05677 0.40448
-61.08481 0.39563
-61.11410 0.38710
-61.14468 0.37892
-61.17658 0.37111
-61.20981 0.36370
-61.24439 0.35670
-61.26106 0.35357
-61.29603 0.36052
-61.32964 0.36788
-61.36189 0.37565
-61.39281 0.38379
-61.42241 0.39228
-61.45074 0.40111
-61.47783 0.41024
-61.50372 0.41965
-61.52846 0.42934
-61.55209 0.43928
-61.57467 0.44945
-61.59623 0.45984
-61.61683 0.47043
-61.63652 0.48122
-61.65534 0.49219
-61.67333 0.50332
-61.69054 0.51460
-61.70700 0.52604
-61.72276 0.53760
-61.73785 0.54930
-61.75231 0.56112
-61.76617 0.57305
-61.77947 0.58508
-61.79222 0.59722
-61.80447 0.60944
-61.81623 0.62176
-61.82753 0.63416
-61.83840 0.64663
-61.84886 0.65918
-61.85892 0.67180
-61.86861 0.68448
-61.87795 0.69723
-61.88695 0.71004
-61.88938 0.71357
-61.89851 0.70083
-61.90798 0.68815
-61.91780 0.67553
-61.92800 0.66298
-61.93858 0.65050
-61.94959 0.63810
-61.96102 0.62577
-61.97292 0.61354
-61.98529 0.60139
-61.99818 0.58934
-62.01160 0.57739
-62.02558 0.56554
-62.04016 0.55382
-62.05537 0.54222
-62.07124 0.53074
-62.08780 0.51941
-62.10510 0.50823
-62.12317 0.49720
-62.14206 0.48635
-62.16180 0.47567
-62.18244 0.46519
-62.20402 0.45492
-62.22658 0.44487
-62.25018 0.43505
-62.27485 0.42549
-62.30064 0.41620
-62.32759 0.40720
-62.35573 0.39851
-62.38511 0.39014
-62.41574 0.38213
-62.44765 0.37449
-62.48086 0.36725
-62.51537 0.36043
-62.51770 0.36000
-62.55206 0.36694
-62.58511 0.37429
-62.61685 0.38204
-62.64730 0.39016
-62.67648 0.39862
-62.70442 0.40741
-62.73117 0.41651
-62.75676 0.42589
-62.78122 0.43553
-62.80462 0.44543
-62.82698 0.45556
-62.84836 0.46590
-62.86881 0.47645
-62.88836 0.48719
-62.90706 0.49811
-62.92495 0.50920
-62.94208 0.52044
-62.95847 0.53183
-62.97418 0.54335
-62.98923 0.55500
-63.00365 0.56678
-63.01749 0.57866
-63.03077 0.59066
-63.04351 0.60275
-63.05576 0.61494
-63.06752 0.62721
-63.07883 0.63957
-63.08972 0.65201
-63.10019 0.66452
-63.11028 0.67710
-63.11999 0.68975
-63.12936 0.70246
-63.13839 0.71523
-63.14601 0.72643
-63.15498 0.71368
-63.16427 0.70100
-63.17390 0.68837
-63.18389 0.67582
-63.19426 0.66333
-63.20502 0.65092
-63.21621 0.63859
-63.22783 0.62634
-63.23991 0.61418
-63.25248 0.60211
-63.26556 0.59014
-63.27918 0.57827
-63.29337 0.56652
-63.30815 0.55488
-63.32357 0.54338
-63.33965 0.53200
-63.35642 0.52077
-63.37393 0.50970
-63.39222 0.49878
-63.41131 0.48804
-63.43126 0.47749
-63.45209 0.46713
-63.47387 0.45699
-63.49662 0.44708
-63.52039 0.43740
-63.54522 0.42798
-63.57115 0.41884
-63.59822 0.41000
-63.62646 0.40146
-63.65590 0.39326
-63.68657 0.38542
-63.71848 0.37795
-63.75164 0.37089
-63.77434 0.36643
-63.80811 0.37336
-63.84061 0.38071
-63.87186 0.38844
-63.90185 0.39653
-63.93062 0.40497
-63.95819 0.41373
-63.98460 0.42279
-64.00989 0.43213
-64.03409 0.44174
-64.05725 0.45159
-64.07941 0.46168
-64.10061 0.47198
-64.12089 0.48248
-64.14031 0.49318
-64.15889 0.50405
-64.17668 0.51509
-64.19372 0.52629
-64.21005 0.53763
-64.22569 0.54911
-64.24070 0.56072
-64.25509 0.57245
-64.26890 0.58430
-64.28216 0.59625
-64.29489 0.60830
-64.30713 0.62045
-64.31890 0.63269
-64.33022 0.64501
-64.34111 0.65741
-64.35160 0.66988
-64.36171 0.68243
-64.37145 0.69504
-64.38084 0.70772
-64.38990 0.72045
-64.39864 0.73325
-64.40265 0.73929
-64.41145 0.72654
-64.42057 0.71385
-64.43002 0.70123
-64.43981 0.68867
-64.44997 0.67617
-64.46050 0.66375
-64.47144 0.65141
-64.48280 0.63915
-64.49460 0.62697
-64.50687 0.61489
-64.51963 0.60290
-64.53290 0.59101
-64.54671 0.57923
-64.56110 0.56757
-64.57608 0.55602
-64.59170 0.54461
-64.60798 0.53334
-64.62496 0.52221
-64.64268 0.51124
-64.66116 0.50044
-64.68045 0.48982
-64.70059 0.47939
-64.72162 0.46916
-64.74358 0.45915
-64.76650 0.44936
-64.79043 0.43983
-64.81540 0.43056
-64.84146 0.42157
-64.86863 0.41287
-64.89695 0.40450
-64.92644 0.39646
-64.95713 0.38878
-64.98902 0.38148
-65.02212 0.37459
-65.03096 0.37286
-65.06416 0.37979
-65.09614 0.38712
-65.12690 0.39483
-65.15645 0.40290
-65.18482 0.41131
-65.21203 0.42004
-65.23811 0.42906
-65.26311 0.43837
-65.28705 0.44794
-65.30997 0.45775
-65.33193 0.46780
-65.35295 0.47806
-65.37308 0.48852
-65.39235 0.49917
-65.41082 0.51000
-65.42851 0.52100
-65.44547 0.53215
-65.46172 0.54345
-65.47731 0.55488
-65.49227 0.56645
-65.50662 0.57814
-65.52040 0.58994
-65.53364 0.60185
-65.54636 0.61386
-65.55860 0.62597
-65.57037 0.63817
-65.58169 0.65045
-65.59259 0.66281
-65.60310 0.67525
-65.61322 0.68776
-65.62298 0.70034
-65.63239 0.71298
-65.64148 0.72568
-65.65025 0.73844
-65.65872 0.75126
-65.65929 0.75214
-65.66794 0.73939
-65.67689 0.72670
-65.68616 0.71408
-65.69577 0.70151
-65.70572 0.68901
-65.71604 0.67658
-65.72674 0.66423
-65.73785 0.65196
-65.74938 0.63977
-65.76136 0.62767
-65.77381 0.61566
-65.78675 0.60375
-65.80021 0.59194
-65.81422 0.58025
-65.82879 0.56868
-65.84397 0.55723
-65.85979 0.54592
-65.87627 0.53474
-65.89344 0.52372
-65.91135 0.51286
-65.93003 0.50218
-65.94952 0.49167
-65.96984 0.48136
-65.99105 0.47126
-66.01317 0.46138
-66.03626 0.45173
-66.06033 0.44233
-66.08544 0.43321
-66.11161 0.42436
-66.13887 0.41582
-66.16725 0.40761
-66.19678 0.39973
-66.22747 0.39222
-66.25932 0.38509
-66.28761 0.37929
-66.32026 0.38621
-66.35173 0.39353
-66.38202 0.40123
-66.41114 0.40928
-66.43912 0.41766
-66.46597 0.42636
-66.49174 0.43535
-66.51644 0.44462
-66.54013 0.45415
-66.56282 0.46393
-66.58457 0.47393
-66.60541 0.48415
-66.62539 0.49457
-66.64453 0.50518
-66.66287 0.51597
-66.68046 0.52692
-66.69733 0.53803
-66.71351 0.54928
-66.72904 0.56068
-66.74394 0.57220
-66.75826 0.58385
-66.77201 0.59561
-66.78522 0.60748
-66.79793 0.61945
-66.81016 0.63152
-66.82192 0.64368
-66.83325 0.65592
-66.84416 0.66825
-66.85467 0.68065
-66.86480 0.69312
-66.87458 0.70567
-66.88402 0.71828
-66.89312 0.73095
-66.90192 0.74367
-66.91042 0.75646
-66.91592 0.76500
-66.92442 0.75225
-66.93322 0.73956
-66.94232 0.72693
-66.95173 0.71436
-66.96149 0.70186
-66.97160 0.68942
-66.98208 0.67706
-66.99295 0.66477
-67.00422 0.65257
-67.01593 0.64045
-67.02808 0.62843
-67.04071 0.61650
-67.05383 0.60467
-67.06747 0.59295
-67.08167 0.58135
-67.09643 0.56986
-67.11180 0.55851
-67.12780 0.54729
-67.14447 0.53622
-67.16184 0.52531
-67.17994 0.51456
-67.19880 0.50399
-67.21846 0.49360
-67.23897 0.48341
-67.26034 0.47344
-67.28263 0.46369
-67.30585 0.45418
-67.33006 0.44492
-67.35529 0.43594
-67.38155 0.42724
-67.40889 0.41886
-67.43732 0.41079
-67.46687 0.40308
-67.49754 0.39573
-67.52934 0.38876
-67.54424 0.38571
-67.57636 0.39263
-67.60733 0.39994
-67.63717 0.40762
-67.66587 0.41565
-67.69347 0.42401
-67.71998 0.43268
-67.74543 0.44164
-67.76986 0.45088
-67.79329 0.46037
-67.81576 0.47011
-67.83731 0.48007
-67.85797 0.49025
-67.87779 0.50063
-67.89679 0.51119
-67.91502 0.52194
-67.93251 0.53285
-67.94929 0.54392
-67.96540 0.55513
-67.98086 0.56648
-67.99571 0.57796
-68.00999 0.58957
-68.02371 0.60129
-68.03690 0.61312
-68.04959 0.62505
-68.06180 0.63708
-68.07356 0.64920
-68.08488 0.66141
-68.09580 0.67369
-68.10632 0.68606
-68.11647 0.69850
-68.12626 0.71101
-68.13571 0.72358
-68.14484 0.73622
-68.15366 0.74891
-68.16219 0.76167
-68.17043 0.77447
-68.17256 0.77786
-68.18092 0.76511
-68.18956 0.75242
-68.19849 0.73978
-68.20773 0.72721
-68.21730 0.71470
-68.22721 0.70225
-68.23747 0.68988
-68.24811 0.67759
-68.25914 0.66537
-68.27058 0.65324
-68.28246 0.64120
-68.29478 0.62925
-68.30758 0.61740
-68.32088 0.60565
-68.33471 0.59402
-68.34908 0.58250
-68.36403 0.57111
-68.37958 0.55985
-68.39577 0.54874
-68.41262 0.53777
-68.43017 0.52696
-68.44845 0.51632
-68.46749 0.50587
-68.48732 0.49560
-68.50799 0.48553
-68.52952 0.47568
-68.55196 0.46606
-68.57532 0.45669
-68.59965 0.44758
-68.62498 0.43874
-68.65133 0.43019
-68.67873 0.42195
-68.70720 0.41405
-68.73675 0.40649
-68.76739 0.39930
-68.79913 0.39250
-68.80088 0.39214
-68.83248 0.39906
-68.86298 0.40636
-68.89237 0.41402
-68.92067 0.42203
-68.94790 0.43037
-68.97407 0.43901
-68.99922 0.44794
-69.02336 0.45714
-69.04655 0.46660
-69.06880 0.47629
-69.09015 0.48622
-69.11064 0.49636
-69.13030 0.50670
-69.14917 0.51722
-69.16727 0.52792
-69.18466 0.53879
-69.20135 0.54982
-69.21738 0.56099
-69.23278 0.57230
-69.24758 0.58374
-69.26181 0.59531
-69.27549 0.60699
-69.28866 0.61877
-69.30133 0.63067
-69.31353 0.64266
-69.32528 0.65474
-69.33660 0.66691
-69.34752 0.67916
-69.35805 0.69149
-69.36821 0.70389
-69.37801 0.71637
-69.38748 0.72891
-69.39663 0.74151
-69.40547 0.75418
-69.41402 0.76690
-69.42229 0.77967
-69.42920 0.79071
-69.43741 0.77796
-69.44590 0.76527
-69.45468 0.75263
-69.46375 0.74005
-69.47314 0.72754
-69.48285 0.71509
-69.49291 0.70271
-69.50333 0.69040
-69.51412 0.67817
-69.52531 0.66603
-69.53692 0.65397
-69.54896 0.64200
-69.56145 0.63013
-69.57442 0.61836
-69.58789 0.60670
-69.60189 0.59515
-69.61644 0.58373
-69.63157 0.57243
-69.64730 0.56127
-69.66366 0.55025
-69.68069 0.53939
-69.69842 0.52869
-69.71687 0.51816
-69.73608 0.50782
-69.75608 0.49767
-69.77690 0.48773
-69.79858 0.47800
-69.82115 0.46852
-69.84464 0.45928
-69.86908 0.45030
-69.89450 0.44161
-69.92092 0.43321
-69.94837 0.42513
-69.97686 0.41737
-70.00640 0.40997
-70.03700 0.40294
-70.05752 0.39857
-70.08862 0.40548
-70.11865 0.41277
-70.14762 0.42042
-70.17552 0.42841
-70.20239 0.43672
-70.22823 0.44533
-70.25308 0.45423
-70.27696 0.46340
-70.29990 0.47282
-70.32193 0.48249
-70.34308 0.49237
-70.36340 0.50247
-70.38291 0.51277
-70.40164 0.52326
-70.41963 0.53392
-70.43691 0.54474
-70.45351 0.55573
-70.46946 0.56686
-70.48480 0.57813
-70.49954 0.58953
-70.51373 0.60105
-70.52738 0.61269
-70.54051 0.62444
-70.55316 0.63630
-70.56534 0.64825
-70.57709 0.66029
-70.58840 0.67243
-70.59932 0.68464
-70.60985 0.69694
-70.62002 0.70931
-70.62984 0.72174
-70.63932 0.73425
-70.64849 0.74682
-70.65735 0.75945
-70.66592 0.77214
-70.67421 0.78489
-70.68224 0.79768
-70.68583 0.80357
-70.69392 0.79082
-70.70226 0.77812
-70.71088 0.76548
-70.71979 0.75290
-70.72901 0.74038
-70.73854 0.72792
-70.74839 0.71554
-70.75860 0.70322
-70.76917 0.69098
-70.78012 0.67882
-70.79146 0.66675
-70.80323 0.65476
-70.81543 0.64287
-70.82809 0.63107
-70.84123 0.61939
-70.85487 0.60781
-70.86904 0.59635
-70.88376 0.58501
-70.89905 0.57381
-70.91496 0.56275
-70.93150 0.55183
-70.94870 0.54107
-70.96659 0.53048
-70.98520 0.52006
-71.00457 0.50984
-71.02473 0.49981
-71.04570 0.48999
-71.06752 0.48040
-71.09021 0.47104
-71.11382 0.46194
-71.13835 0.45310
-71.16385 0.44455
-71.19033 0.43630
-71.21781 0.42837
-71.24631 0.42077
-71.27583 0.41352
-71.30637 0.40665
-71.31415 0.40500
-71.34477 0.41190
-71.37435 0.41918
-71.40290 0.42682
-71.43042 0.43479
-71.45693 0.44307
-71.48245 0.45166
-71.50701 0.46053
-71.53062 0.46967
-71.55332 0.47906
-71.57514 0.48868
-71.59610 0.49853
-71.61624 0.50859
-71.63560 0.51885
-71.65419 0.52930
-71.67206 0.53992
-71.68924 0.55071
-71.70575 0.56165
-71.72163 0.57274
-71.73690 0.58397
-71.75159 0.59533
-71.76573 0.60682
-71.77934 0.61842
-71.79244 0.63013
-71.80507 0.64194
-71.81723 0.65386
-71.82896 0.66586
-71.84028 0.67796
-71.85119 0.69014
-71.86173 0.70240
-71.87190 0.71473
-71.88173 0.72714
-71.89122 0.73961
-71.90040 0.75215
-71.90928 0.76475
-71.91787 0.77741
-71.92619 0.79012
-71.93424 0.80288
-71.94203 0.81570
-71.94247 0.81643
-71.95042 0.80368
-71.95863 0.79098
-71.96710 0.77834
-71.97585 0.76575
-71.98490 0.75322
-71.99425 0.74076
-72.00392 0.72837
-72.01392 0.71604
-72.02427 0.70379
-72.03499 0.69162
-72.04609 0.67953
-72.05759 0.66752
-72.06951 0.65561
-72.08187 0.64380
-72.09469 0.63208
-72.10799 0.62048
-72.12180 0.60899
-72.13613 0.59762
-72.15102 0.58637
-72.16649 0.57526
-72.18256 0.56430
-72.19926 0.55348
-72.21662 0.54283
-72.23468 0.53235
-72.25345 0.52204
-72.27297 0.51193
-72.29327 0.50202
-72.31438 0.49233
-72.33632 0.48287
-72.35914 0.47364
-72.38284 0.46467
-72.40746 0.45598
-72.43303 0.44757
-72.45955 0.43946
-72.48706 0.43168
-72.51555 0.42423
-72.54503 0.41714
-72.57078 0.41143
-72.60093 0.41833
-72.63008 0.42560
-72.65822 0.43322
-72.68537 0.44117
-72.71154 0.44944
-72.73675 0.45800
-72.76101 0.46684
-72.78437 0.47594
-72.80683 0.48530
-72.82844 0.49489
-72.84921 0.50470
-72.86918 0.51473
-72.88838 0.52495
-72.90685 0.53535
-72.92460 0.54594
-72.94167 0.55668
-72.95809 0.56759
-72.97389 0.57864
-72.98909 0.58983
-73.00373 0.60115
-73.01781 0.61259
-73.03138 0.62415
-73.04446 0.63583
-73.05706 0.64760
-73.06921 0.65948
-73.08092 0.67145
-73.09223 0.68351
-73.10314 0.69565
-73.11368 0.70788
-73.12385 0.72018
-73.13369 0.73255
-73.14320 0.74499
-73.15239 0.75749
-73.16128 0.77006
-73.16989 0.78269
-73.17823 0.79537
-73.18630 0.80811
-73.19412 0.82089
-73.19911 0.82929
-73.20693 0.81653
-73.21500 0.80383
-73.22334 0.79119
-73.23194 0.77860
-73.24082 0.76607
-73.25000 0.75360
-73.25948 0.74119
-73.26929 0.72886
-73.27943 0.71660
-73.28993 0.70441
-73.30079 0.69231
-73.31204 0.68029
-73.32369 0.66836
-73.33577 0.65652
-73.34828 0.64478
-73.36126 0.63315
-73.37472 0.62163
-73.38869 0.61022
-73.40319 0.59894
-73.41824 0.58779
-73.43386 0.57678
-73.45010 0.56591
-73.46696 0.55520
-73.48448 0.54465
-73.50269 0.53428
-73.52161 0.52409
-73.54127 0.51409
-73.56171 0.50431
-73.58295 0.49474
-73.60501 0.48540
-73.62793 0.47631
-73.65172 0.46748
-73.67642 0.45892
-73.70204 0.45065
-73.72860 0.44269
-73.75611 0.43506
-73.78459 0.42776
-73.81402 0.42082
-73.82743 0.41786
-73.85712 0.42476
-73.88584 0.43202
-73.91359 0.43962
-73.94038 0.44756
-73.96621 0.45580
-73.99111 0.46433
-74.01510 0.47315
-74.03820 0.48222
-74.06043 0.49155
-74.08182 0.50110
-74.10241 0.51088
-74.12221 0.52087
-74.14127 0.53105
-74.15959 0.54142
-74.17723 0.55196
-74.19420 0.56267
-74.21053 0.57353
-74.22625 0.58454
-74.24138 0.59569
-74.25595 0.60698
-74.26999 0.61838
-74.28352 0.62991
-74.29656 0.64154
-74.30914 0.65328
-74.32126 0.66512
-74.33297 0.67705
-74.34426 0.68908
-74.35517 0.70118
-74.36570 0.71337
-74.37588 0.72564
-74.38572 0.73798
-74.39524 0.75038
-74.40444 0.76286
-74.41335 0.77539
-74.42198 0.78799
-74.43033 0.80064
-74.43842 0.81335
-74.44626 0.82610
-74.45387 0.83891
-74.45575 0.84214
-74.46345 0.82939
-74.47139 0.81669
-74.47958 0.80404
-74.48804 0.79144
-74.49676 0.77891
-74.50577 0.76643
-74.51508 0.75402
-74.52470 0.74168
-74.53464 0.72941
-74.54493 0.71721
-74.55557 0.70509
-74.56657 0.69306
-74.57797 0.68111
-74.58977 0.66925
-74.60200 0.65749
-74.61466 0.64583
-74.62780 0.63428
-74.64141 0.62284
-74.65554 0.61152
-74.67019 0.60033
-74.68540 0.58927
-74.70118 0.57836
-74.71757 0.56759
-74.73459 0.55698
-74.75226 0.54654
-74.77061 0.53628
-74.78968 0.52620
-74.80948 0.51632
-74.83004 0.50666
-74.85140 0.49721
-74.87357 0.48800
-74.89658 0.47904
-74.92046 0.47035
-74.94522 0.46193
-74.97089 0.45380
-74.99747 0.44599
-75.02498 0.43850
-75.05342 0.43135
-75.08280 0.42457
-75.08406 0.42429
-75.11331 0.43118
-75.14162 0.43844
-75.16899 0.44603
-75.19542 0.45394
-75.22093 0.46216
-75.24553 0.47067
-75.26924 0.47946
-75.29209 0.48851
-75.31409 0.49780
-75.33528 0.50732
-75.35568 0.51706
-75.37532 0.52701
-75.39422 0.53716
-75.41242 0.54749
-75.42994 0.55799
-75.44680 0.56866
-75.46304 0.57949
-75.47868 0.59046
-75.49374 0.60157
-75.50826 0.61282
-75.52225 0.62418
-75.53573 0.63567
-75.54874 0.64727
-75.56128 0.65897
-75.57339 0.67077
-75.58507 0.68267
-75.59636 0.69466
-75.60726 0.70673
-75.61779 0.71888
-75.62797 0.73112
-75.63782 0.74342
-75.64734 0.75579
-75.65656 0.76824
-75.66548 0.78074
-75.67412 0.79330
-75.68249 0.80592
-75.69060 0.81860
-75.69846 0.83133
-75.70608 0.84411
-75.71238 0.85500
-75.71996 0.84224
-75.72778 0.82954
-75.73584 0.81689
-75.74415 0.80429
-75.75273 0.79175
-75.76158 0.77927
-75.77071 0.76685
-75.78015 0.75450
-75.78990 0.74222
-75.79998 0.73001
-75.81040 0.71788
-75.82118 0.70583
-75.83233 0.69386
-75.84387 0.68198
-75.85582 0.67020
-75.86819 0.65852
-75.88101 0.64694
-75.89429 0.63547
-75.90806 0.62411
-75.92234 0.61288
-75.93714 0.60178
-75.95250 0.59082
-75.96844 0.58000
-75.98497 0.56933
-76.00214 0.55883
-76.01996 0.54849
-76.03845 0.53834
-76.05765 0.52838
-76.07758 0.51862
-76.09826 0.50907
-76.11973 0.49975
-76.14200 0.49067
-76.16510 0.48184
-76.18904 0.47328
-76.21386 0.46500
-76.23956 0.45702
-76.26615 0.44934
-76.29365 0.44200
-76.32205 0.43500
-76.34071 0.43071
-76.36953 0.43761
-76.39744 0.44485
-76.42444 0.45243
-76.45052 0.46033
-76.47571 0.46853
-76.50002 0.47701
-76.52346 0.48577
-76.54606 0.49479
-76.56785 0.50405
-76.58883 0.51354
-76.60905 0.52325
-76.62852 0.53317
-76.64728 0.54327
-76.66534 0.55357
-76.68274 0.56404
-76.69950 0.57467
-76.71564 0.58546
-76.73120 0.59639
-76.74620 0.60746
-76.76065 0.61867
-76.77459 0.63000
-76.78803 0.64145
-76.80100 0.65301
-76.81351 0.66467
-76.82560 0.67644
-76.83726 0.68830
-76.84853 0.70025
-76.85943 0.71229
-76.86995 0.72441
-76.88013 0.73661
-76.88998 0.74888
-76.89951 0.76122
-76.90873 0.77363
-76.91767 0.78610
-76.92632 0.79864
-76.93470 0.81123
-76.94283 0.82388
-76.95071 0.83657
-76.95836 0.84932
-76.96578 0.86212
-76.96902 0.86786
-76.97649 0.85510
-76.98418 0.84240
-76.99211 0.82974
-77.00028 0.81714
-77.00871 0.80460
-77.01741 0.79211
-77.02638 0.77969
-77.03564 0.76733
-77.04521 0.75504
-77.05509 0.74282
-77.06530 0.73067
-77.07586 0.71861
-77.08677 0.70662
-77.09806 0.69473
-77.10974 0.68292
-77.12183 0.67121
-77.13435 0.65961
-77.14731 0.64811
-77.16074 0.63672
-77.17466 0.62545
-77.18908 0.61431
-77.20404 0.60330
-77.21954 0.59243
-77.23562 0.58171
-77.25230 0.57114
-77.26961 0.56074
-77.28756 0.55052
-77.30619 0.54047
-77.32551 0.53063
-77.34556 0.52098
-77.36636 0.51156
-77.38792 0.50236
-77.41028 0.49341
-77.43346 0.48471
-77.45746 0.47628
-77.48232 0.46814
-77.50804 0.46030
-77.53464 0.45277
-77.56211 0.44557
-77.59047 0.43872
-77.59733 0.43714
-77.62574 0.44403
-77.65326 0.45127
-77.67989 0.45883
-77.70564 0.46671
-77.73052 0.47489
-77.75454 0.48336
-77.77772 0.49209
-77.80008 0.50108
-77.82164 0.51031
-77.84243 0.51977
-77.86247 0.52944
-77.88178 0.53932
-77.90039 0.54939
-77.91832 0.55965
-77.93560 0.57008
-77.95226 0.58068
-77.96831 0.59143
-77.98379 0.60232
-77.99871 0.61336
-78.01311 0.62453
-78.02699 0.63582
-78.04039 0.64723
-78.05332 0.65876
-78.06581 0.67038
-78.07786 0.68212
-78.08951 0.69394
-78.10077 0.70586
-78.11165 0.71786
-78.12217 0.72995
-78.13235 0.74211
-78.14220 0.75435
-78.15173 0.76666
-78.16096 0.77904
-78.16990 0.79148
-78.17857 0.80398
-78.18697 0.81654
-78.19511 0.82916
-78.20301 0.84183
-78.21067 0.85455
-78.21811 0.86732
-78.22534 0.88014
-78.22565 0.88071
-78.23301 0.86796
-78.24059 0.85525
-78.24839 0.84259
-78.25643 0.82999
-78.26472 0.81744
-78.27326 0.80495
-78.28208 0.79252
-78.29117 0.78015
-78.30056 0.76785
-78.31025 0.75562
-78.32026 0.74346
-78.33061 0.73138
-78.34129 0.71938
-78.35234 0.70747
-78.36377 0.69564
-78.37559 0.68391
-78.38782 0.67228
-78.40048 0.66075
-78.41358 0.64934
-78.42716 0.63803
-78.44122 0.62685
-78.45579 0.61580
-78.47088 0.60488
-78.48653 0.59411
-78.50275 0.58348
-78.51957 0.57302
-78.53701 0.56272
-78.55510 0.55260
-78.57385 0.54267
-78.59329 0.53294
-78.61345 0.52342
-78.63435 0.51411
-78.65601 0.50504
-78.67845 0.49621
-78.70169 0.48765
-78.72575 0.47935
-78.75064 0.47135
-78.77637 0.46364
-78.80296 0.45625
-78.83040 0.44920
-78.85397 0.44357
-78.88198 0.45046
-78.90912 0.45769
-78.93540 0.46524
-78.96082 0.47310
-78.98539 0.48126
-79.00913 0.48971
-79.03206 0.49841
-79.05418 0.50737
-79.07553 0.51657
-79.09612 0.52600
-79.11598 0.53564
-79.13513 0.54549
-79.15359 0.55553
-79.17139 0.56575
-79.18856 0.57614
-79.20511 0.58670
-79.22107 0.59742
-79.23647 0.60828
-79.25132 0.61927
-79.26565 0.63041
-79.27949 0.64166
-79.29284 0.65304
-79.30573 0.66452
-79.31818 0.67612
-79.33021 0.68781
-79.34184 0.69960
-79.35308 0.71149
-79.36395 0.72346
-79.37446 0.73551
-79.38464 0.74764
-79.39449 0.75984
-79.40402 0.77212
-79.41326 0.78447
-79.42221 0.79688
-79.43089 0.80935
-79.43930 0.82188
-79.44745 0.83447
-79.45537 0.84711
-79.46305 0.85980
-79.47051 0.87254
-79.47775 0.88533
-79.48229 0.89357
-79.48954 0.88081
-79.49700 0.86811
-79.50468 0.85545
-79.51260 0.84284
-79.52075 0.83029
-79.52915 0.81779
-79.53781 0.80535
-79.54674 0.79298
-79.55596 0.78067
-79.56547 0.76843
-79.57528 0.75626
-79.58542 0.74417
-79.59589 0.73215
-79.60671 0.72022
-79.61789 0.70837
-79.62945 0.69662
-79.64140 0.68496
-79.65377 0.67341
-79.66657 0.66196
-79.67981 0.65062
-79.69353 0.63940
-79.70773 0.62831
-79.72243 0.61735
-79.73767 0.60652
-79.75345 0.59584
-79.76981 0.58532
-79.78676 0.57496
-79.80433 0.56477
-79.82254 0.55475
-79.84141 0.54493
-79.86097 0.53532
-79.88123 0.52591
-79.90222 0.51673
-79.92397 0.50778
-79.94648 0.49908
-79.96978 0.49065
-79.99387 0.48248
-80.01879 0.47461
-80.04453 0.46705
-80.07109 0.45980
-80.09849 0.45289
-80.11061 0.45000
-80.13822 0.45688
-80.16500 0.46410
-80.19093 0.47164
-80.21603 0.47949
-80.24031 0.48763
-80.26378 0.49605
-80.28645 0.50473
-80.30834 0.51367
-80.32948 0.52284
-80.34988 0.53223
-80.36956 0.54184
-80.38855 0.55166
-80.40687 0.56166
-80.42454 0.57185
-80.44159 0.58221
-80.45804 0.59273
-80.47391 0.60341
-80.48922 0.61423
-80.50401 0.62519
-80.51827 0.63629
-80.53205 0.64751
-80.54536 0.65885
-80.55821 0.67030
-80.57063 0.68186
-80.58263 0.69352
-80.59424 0.70527
-80.60546 0.71712
-80.61632 0.72906
-80.62682 0.74107
-80.63699 0.75317
-80.64684 0.76535
-80.65638 0.77759
-80.66562 0.78990
-80.67457 0.80228
-80.68326 0.81473
-80.69168 0.82723
-80.69985 0.83978
-80.70778 0.85240
-80.71548 0.86506
-80.72295 0.87778
-80.73021 0.89054
-80.73727 0.90335
-80.73893 0.90643
-80.74608 0.89367
-80.75342 0.88096
-80.76099 0.86830
-80.76878 0.85569
-80.77680 0.84313
-80.78506 0.83063
-80.79357 0.81819
-80.80235 0.80580
-80.81140 0.79349
-80.82073 0.78124
-80.83036 0.76906
-80.84030 0.75695
-80.85056 0.74492
-80.86116 0.73297
-80.87210 0.72111
-80.88341 0.70933
-80.89511 0.69765
-80.90719 0.68607
-80.91970 0.67459
-80.93263 0.66322
-80.94601 0.65197
-80.95986 0.64083
-80.97419 0.62983
-80.98904 0.61896
-81.00441 0.60822
-81.02032 0.59764
-81.03681 0.58722
-81.05389 0.57696
-81.07158 0.56687
-81.08991 0.55697
-81.10889 0.54726
-81.12855 0.53776
-81.14891 0.52847
-81.16999 0.51941
-81.19181 0.51058
-81.21438 0.50201
-81.23773 0.49371
-81.26186 0.48568
-81.28679 0.47794
-81.31252 0.47051
-81.33906 0.46341
-81.36640 0.45663
-81.36725 0.45643
-81.39448 0.46331
-81.42090 0.47052
-81.44649 0.47805
-81.47128 0.48588
-81.49527 0.49401
-81.51847 0.50240
-81.54089 0.51106
-81.56256 0.51997
-81.58349 0.52911
-81.60370 0.53848
-81.62321 0.54806
-81.64204 0.55784
-81.66022 0.56781
-81.67776 0.57796
-81.69470 0.58829
-81.71104 0.59877
-81.72682 0.60941
-81.74205 0.62020
-81.75676 0.63113
-81.77097 0.64219
-81.78469 0.65337
-81.79794 0.66467
-81.81076 0.67609
-81.82314 0.68761
-81.83512 0.69924
-81.84670 0.71096
-81.85790 0.72277
-81.86874 0.73468
-81.87924 0.74666
-81.88940 0.75873
-81.89925 0.77087
-81.90878 0.78308
-81.91803 0.79536
-81.92699 0.80771
-81.93568 0.82012
-81.94411 0.83260
-81.95229 0.84513
-81.96024 0.85771
-81.96795 0.87035
-81.97544 0.88303
-81.98272 0.89577
-81.98979 0.90855
-81.99556 0.91928
-82.00260 0.90653
-82.00985 0.89381
-82.01730 0.88115
-82.02496 0.86854
-82.03285 0.85598
-82.04098 0.84347
-82.04935 0.83102
-82.05797 0.81863
-82.06686 0.80631
-82.07603 0.79405
-82.08548 0.78185
-82.09523 0.76973
-82.10529 0.75769
-82.11567 0.74572
-82.12639 0.73384
-82.13746 0.72205
-82.14890 0.71034
-82.16072 0.69874
-82.17294 0.68723
-82.18557 0.67583
-82.19864 0.66454
-82.21215 0.65337
-82.22613 0.64232
-82.24060 0.63140
-82.25557 0.62062
-82.27107 0.60999
-82.28711 0.59950
-82.30372 0.58917
-82.32092 0.57902
-82.33873 0.56904
-82.35717 0.55924
-82.37625 0.54965
-82.39601 0.54026
-82.41646 0.53109
-82.43762 0.52215
-82.45951 0.51345
-82.48214 0.50500
-82.50552 0.49683
-82.52968 0.48893
-82.55461 0.48133
-82.58033 0.47403
-82.60683 0.46706
-82.62389 0.46285
-82.65075 0.46973
-82.67681 0.47693
-82.70208 0.48445
-82.72657 0.49227
-82.75027 0.50037
-82.77321 0.50875
-82.79539 0.51738
-82.81684 0.52627
-82.83756 0.53538
-82.85758 0.54472
-82.87692 0.55427
-82.89560 0.56401
-82.91364 0.57395
-82.93105 0.58407
-82.94787 0.59436
-82.96411 0.60481
-82.97980 0.61542
-82.99495 0.62617
-83.00959 0.63706
-83.02373 0.64809
-83.03740 0.65924
-83.05060 0.67050
-83.06337 0.68188
-83.07572 0.69337
-83.08767 0.70496
-83.09922 0.71665
-83.11041 0.72843
-83.12124 0.74030
-83.13172 0.75225
-83.14188 0.76429
-83.15171 0.77640
-83.16125 0.78858
-83.17050 0.80083
-83.17946 0.81315
-83.18816 0.82553
-83.19660 0.83797
-83.20479 0.85047
-83.21275 0.86303
-83.22047 0.87563
-83.22798 0.88829
-83.23527 0.90100
-83.24237 0.91376
-83.24926 0.92656
-83.25221 0.93214
-83.25915 0.91938
-83.26628 0.90667
-83.27362 0.89400
-83.28117 0.88139
-83.28894 0.86882
-83.29693 0.85631
-83.30516 0.84386
-83.31364 0.83146
-83.32238 0.81913
-83.33138 0.80686
-83.34065 0.79465
-83.35022 0.78252
-83.36008 0.77046
-83.37026 0.75848
-83.38077 0.74658
-83.39161 0.73477
-83.40281 0.72305
-83.41437 0.71141
-83.42632 0.69988
-83.43866 0.68845
-83.45142 0.67713
-83.46462 0.66592
-83.47826 0.65483
-83.49236 0.64387
-83.50696 0.63304
-83.52206 0.62235
-83.53768 0.61181
-83.55385 0.60142
-83.57058 0.59119
-83.58789 0.58114
-83.60581 0.57127
-83.62435 0.56158
-83.64354 0.55210
-83.66339 0.54282
-83.68392 0.53377
-83.70515 0.52495
-83.72709 0.51637
-83.74977 0.50806
-83.77318 0.50001
-83.79735 0.49224
-83.82228 0.48477
-83.84798 0.47761
-83.87443 0.47078
-83.88052 0.46928
-83.90702 0.47615
-83.93274 0.48335
-83.95769 0.49086
-83.98188 0.49866
-84.00531 0.50675
-84.02799 0.51510
-84.04994 0.52371
-84.07116 0.53257
-84.09169 0.54166
-84.11152 0.55097
-84.13069 0.56048
-84.14922 0.57020
-84.16712 0.58011
-84.18441 0.59019
-84.20111 0.60045
-84.21725 0.61087
-84.23285 0.62144
-84.24792 0.63216
-84.26248 0.64301
-84.27656 0.65400
-84.29017 0.66511
-84.30333 0.67635
-84.31605 0.68769
-84.32837 0.69915
-84.34028 0.71070
-84.35181 0.72236
-84.36298 0.73411
-84.37379 0.74594
-84.38426 0.75786
-84.39440 0.76986
-84.40424 0.78194
-84.41377 0.79409
-84.42302 0.80631
-84.43199 0.81860
-84.44069 0.83095
-84.44914 0.84336
-84.45734 0.85583
-84.46530 0.86836
-84.47304 0.88094
-84.48056 0.89357
-84.48787 0.90625
-84.49498 0.91898
-84.50189 0.93176
-84.50862 0.94457
-84.50884 0.94500
-84.51569 0.93224
-84.52272 0.91953
-84.52995 0.90686
-84.53739 0.89424
-84.54503 0.88167
-84.55290 0.86916
-84.56100 0.85670
-84.56934 0.84429
-84.57792 0.83195
-84.58676 0.81967
-84.59587 0.80746
-84.60526 0.79532
-84.61494 0.78324
-84.62492 0.77125
-84.63522 0.75933
-84.64584 0.74750
-84.65681 0.73575
-84.66813 0.72410
-84.67981 0.71254
-84.69188 0.70108
-84.70435 0.68973
-84.71724 0.67848
-84.73055 0.66736
-84.74432 0.65636
-84.75855 0.64548
-84.77327 0.63474
-84.78849 0.62414
-84.80423 0.61370
-84.82052 0.60340
-84.83736 0.59328
-84.85478 0.58333
-84.87281 0.57356
-84.89145 0.56399
-84.91072 0.55461
-84.93066 0.54545
-84.95126 0.53652
-84.97256 0.52782
-84.99455 0.51937
-85.01727 0.51117
-85.04071 0.50325
-85.06488 0.49562
-85.08980 0.48828
-85.11546 0.48126
-85.13717 0.47571
-85.16331 0.48258
-85.18871 0.48977
-85.21335 0.49727
-85.23724 0.50506
-85.26040 0.51313
-85.28283 0.52146
-85.30455 0.53005
-85.32556 0.53888
-85.34588 0.54794
-85.36554 0.55722
-85.38454 0.56671
-85.40291 0.57640
-85.42067 0.58627
-85.43784 0.59632
-85.45443 0.60655
-85.47047 0.61693
-85.48597 0.62747
-85.50096 0.63815
-85.51545 0.64898
-85.52946 0.65993
-85.54302 0.67101
-85.55613 0.68221
-85.56881 0.69352
-85.58108 0.70494
-85.59297 0.71646
-85.60447 0.72808
-85.61561 0.73980
-85.62641 0.75160
-85.63686 0.76349
-85.64700 0.77546
-85.65683 0.78750
-85.66636 0.79962
-85.67560 0.81181
-85.68457 0.82407
-85.69328 0.83639
-85.70173 0.84878
-85.70994 0.86122
-85.71792 0.87372
-85.72567 0.88627
-85.73320 0.89888
-85.74052 0.91153
-85.74765 0.92423
-85.75458 0.93698
-85.76132 0.94977
-85.76548 0.95786
-85.77223 0.94510
-85.77916 0.93238
-85.78629 0.91971
-85.79362 0.90709
-85.80115 0.89451
-85.80889 0.88199
-85.81686 0.86953
-85.82506 0.85712
-85.83350 0.84477
-85.84219 0.83248
-85.85114 0.82026
-85.86036 0.80811
-85.86986 0.79602
-85.87965 0.78401
-85.88974 0.77208
-85.90016 0.76023
-85.91090 0.74846
-85.92198 0.73678
-85.93341 0.72520
-85.94522 0.71371
-85.95741 0.70233
-85.97000 0.69105
-85.98301 0.67989
-85.99645 0.66885
-86.01034 0.65793
-86.02469 0.64714
-86.03952 0.63649
-86.05486 0.62599
-86.07072 0.61564
-86.08712 0.60544
-86.10407 0.59542
-86.12160 0.58557
-86.13972 0.57591
-86.15845 0.56644
-86.17781 0.55718
-86.19782 0.54814
-86.21850 0.53932
-86.23985 0.53074
-86.26189 0.52241
-86.28463 0.51435
-86.30809 0.50655
-86.33226 0.49905
-86.35716 0.49184
-86.38279 0.48495
-86.39380 0.48214
-86.41960 0.48901
-86.44467 0.49619
-86.46901 0.50368
-86.49262 0.51145
-86.51552 0.51950
-86.53770 0.52782
-86.55919 0.53639
-86.57999 0.54519
-86.60012 0.55423
-86.61960 0.56348
-86.63844 0.57294
-86.65666 0.58259
-86.67428 0.59244
-86.69133 0.60246
-86.70781 0.61265
-86.72374 0.62300
-86.73915 0.63350
-86.75406 0.64415
-86.76848 0.65494
-86.78243 0.66586
-86.79592 0.67691
-86.80898 0.68807
-86.82162 0.69935
-86.83386 0.71074
-86.84571 0.72223
-86.85718 0.73381
-86.86830 0.74549
-86.87908 0.75727
-86.88952 0.76912
-86.89965 0.78106
-86.90946 0.79307
-86.91899 0.80516
-86.92823 0.81732
-86.93720 0.82955
-86.94591 0.84184
-86.95437 0.85420
-86.96259 0.86661
-86.97057 0.87908
-86.97833 0.89161
-86.98588 0.90418
-86.99322 0.91681
-87.00035 0.92949
-87.00730 0.94221
-87.01406 0.95497
-87.02064 0.96778
-87.02212 0.97071
-87.02878 0.95795
-87.03562 0.94523
-87.04264 0.93256
-87.04986 0.91994
-87.05728 0.90736
-87.06490 0.89484
-87.07275 0.88237
-87.08081 0.86995
-87.08911 0.85759
-87.09765 0.84530
-87.10645 0.83307
-87.11550 0.82090
-87.12483 0.80880
-87.13444 0.79678
-87.14434 0.78483
-87.15455 0.77296
-87.16507 0.76117
-87.17593 0.74948
-87.18712 0.73787
-87.19868 0.72636
-87.21060 0.71494
-87.22291 0.70364
-87.23562 0.69244
-87.24874 0.68136
-87.26230 0.67039
-87.27631 0.65956
-87.29077 0.64886
-87.30573 0.63830
-87.32118 0.62789
-87.33714 0.61763
-87.35365 0.60754
-87.37070 0.59762
-87.38833 0.58787
-87.40654 0.57832
-87.42536 0.56896
-87.44480 0.55981
-87.46488 0.55088
-87.48562 0.54218
-87.50702 0.53372
-87.52910 0.52552
-87.55186 0.51757
-87.57533 0.50991
-87.59950 0.50253
-87.62437 0.49545
-87.64995 0.48869
-87.65043 0.48857
-87.67590 0.49543
-87.70065 0.50261
-87.72470 0.51008
-87.74803 0.51784
-87.77067 0.52588
-87.79261 0.53418
-87.81388 0.54272
-87.83447 0.55150
-87.85441 0.56051
-87.87371 0.56974
-87.89239 0.57917
-87.91047 0.58880
-87.92796 0.59861
-87.94488 0.60860
-87.96125 0.61876
-87.97708 0.62907
-87.99240 0.63955
-88.00723 0.65016
-88.02157 0.66092
-88.03545 0.67180
-88.04889 0.68281
-88.06190 0.69395
-88.07449 0.70519
-88.08669 0.71654
-88.09851 0.72800
-88.10996 0.73955
-88.12105 0.75120
-88.13181 0.76294
-88.14224 0.77477
-88.15235 0.78667
-88.16216 0.79866
-88.17168 0.81071
-88.18092 0.82284
-88.18989 0.83504
-88.19860 0.84730
-88.20706 0.85963
-88.21529 0.87202
-88.22328 0.88446
-88.23105 0.89696
-88.23860 0.90951
-88.24595 0.92211
-88.25310 0.93476
-88.26006 0.94745
-88.26684 0.96019
-88.27344 0.97298
-88.27876 0.98357
-88.28533 0.97081
-88.29207 0.95809
-88.29900 0.94541
-88.30611 0.93279
-88.31342 0.92021
-88.32093 0.90768
-88.32865 0.89520
-88.33659 0.88278
-88.34476 0.87042
-88.35315 0.85811
-88.36180 0.84587
-88.37069 0.83370
-88.37985 0.82159
-88.38928 0.80955
-88.39900 0.79759
-88.40901 0.78570
-88.41933 0.77390
-88.42997 0.76218
-88.44093 0.75054
-88.45224 0.73901
-88.46391 0.72757
-88.47595 0.71623
-88.48838 0.70500
-88.50120 0.69388
-88.51444 0.68288
-88.52811 0.67200
-88.54223 0.66125
-88.55681 0.65064
-88.57187 0.64017
-88.58743 0.62985
-88.60351 0.61969
-88.62011 0.60970
-88.63726 0.59988
-88.65498 0.59024
-88.67329 0.58079
-88.69219 0.57154
-88.71170 0.56251
-88.73184 0.55369
-88.75263 0.54511
-88.77407 0.53677
-88.79618 0.52868
-88.81897 0.52086
-88.84243 0.51332
-88.86658 0.50607
-88.89142 0.49913
-88.90707 0.49500
-88.93221 0.50186
-88.95666 0.50903
-88.98041 0.51650
-89.00348 0.52424
-89.02586 0.53226
-89.04757 0.54054
-89.06861 0.54906
-89.08900 0.55782
-89.10876 0.56681
-89.12789 0.57601
-89.14641 0.58541
-89.16434 0.59501
-89.18169 0.60479
-89.19849 0.61475
-89.21475 0.62487
-89.23048 0.63516
-89.24571 0.64560
-89.26046 0.65618
-89.27473 0.66691
-89.28854 0.67776
-89.30192 0.68874
-89.31488 0.69983
-89.32743 0.71105
-89.33959 0.72237
-89.35137 0.73379
-89.36279 0.74531
-89.37386 0.75693
-89.38459 0.76864
-89.39500 0.78043
-89.40510 0.79230
-89.41491 0.80426
-89.42442 0.81628
-89.43365 0.82838
-89.44262 0.84055
-89.45133 0.85279
-89.45980 0.86508
-89.46803 0.87744
-89.47603 0.88986
-89.48380 0.90233
-89.49137 0.91485
-89.49873 0.92742
-89.50589 0.94005
-89.51287 0.95272
-89.51966 0.96543
-89.52627 0.97819
-89.53271 0.99099
-89.53539 0.99643
-89.54187 0.98367
-89.54853 0.97095
-89.55536 0.95827
-89.56237 0.94564
-89.56957 0.93306
-89.57697 0.92053
-89.58457 0.90804
-89.59239 0.89562
-89.60042 0.88325
-89.60868 0.87094
-89.61718 0.85868
-89.62592 0.84650
-89.63492 0.83438
-89.64418 0.82233
-89.65372 0.81035
-89.66354 0.79845
-89.67366 0.78662
-89.68408 0.77488
-89.69483 0.76323
-89.70591 0.75167
-89.71733 0.74020
-89.72911 0.72883
-89.74126 0.71757
-89.75380 0.70642
-89.76673 0.69538
-89.78009 0.68446
-89.79387 0.67366
-89.80810 0.66300
-89.82279 0.65248
-89.83796 0.64210
-89.85362 0.63188
-89.86979 0.62181
-89.88650 0.61192
-89.90374 0.60220
-89.92155 0.59266
-89.93993 0.58332
-89.95891 0.57418
-89.97849 0.56526
-89.99869 0.55656
-90.01952 0.54809
-90.04100 0.53987
-90.06313 0.53190
-90.08592 0.52421
-90.10938 0.51679
-90.13351 0.50967
-90.15831 0.50285
-90.16371 0.50143
-90.18854 0.50829
-90.21269 0.51545
-90.23616 0.52291
-90.25896 0.53064
-90.28110 0.53864
-90.30257 0.54690
-90.32340 0.55541
-90.34359 0.56414
-90.36316 0.57310
-90.38212 0.58228
-90.40049 0.59165
-90.41827 0.60122
-90.43550 0.61097
-90.45217 0.62090
-90.46832 0.63100
-90.48396 0.64125
-90.49910 0.65166
-90.51376 0.66221
-90.52795 0.67290
-90.54170 0.68372
-90.55502 0.69467
-90.56793 0.70573
-90.58043 0.71691
-90.59255 0.72820
-90.60430 0.73959
-90.61569 0.75108
-90.62673 0.76267
-90.63744 0.77434
-90.64784 0.78610
-90.65792 0.79795
-90.66771 0.80987
-90.67722 0.82187
-90.68645 0.83394
-90.69541 0.84608
-90.70413 0.85828
-90.71259 0.87055
-90.72082 0.88288
-90.72883 0.89527
-90.73661 0.90771
-90.74419 0.92021
-90.75156 0.93275
-90.75873 0.94535
-90.76572 0.95800
-90.77252 0.97069
-90.77915 0.98342
-90.78560 0.99620
-90.78749 1.00000
-90.78749 1.00000
-90.79667 1.00000
-90.80319 0.98727
-90.80988 0.97458
-90.81674 0.96193
-90.82379 0.94933
-90.83103 0.93678
-90.83846 0.92428
-90.84610 0.91184
-90.85394 0.89944
-90.86201 0.88711
-90.87030 0.87483
-90.87883 0.86262
-90.88760 0.85047
-90.89663 0.83838
-90.90592 0.82637
-90.91548 0.81443
-90.92533 0.80257
-90.93547 0.79079
-90.94592 0.77909
-90.95668 0.76748
-90.96777 0.75596
-90.97921 0.74454
-90.99100 0.73322
-91.00316 0.72200
-91.01570 0.71089
-91.02863 0.69990
-91.04198 0.68903
-91.05575 0.67828
-91.06996 0.66767
-91.08463 0.65720
-91.09977 0.64687
-91.11540 0.63670
-91.13153 0.62669
-91.14818 0.61684
-91.16536 0.60717
-91.18310 0.59769
-91.20140 0.58840
-91.22028 0.57931
-91.23976 0.57044
-91.25984 0.56179
-91.28055 0.55338
-91.30188 0.54520
-91.32385 0.53729
-91.34647 0.52964
-91.36974 0.52227
-91.39366 0.51519
-91.41824 0.50841
-91.42035 0.50786
-91.44486 0.51471
-91.46872 0.52187
-91.49192 0.52931
-91.51446 0.53703
-91.53635 0.54502
-91.55760 0.55326
-91.57822 0.56175
-91.59822 0.57046
-91.61760 0.57940
-91.63640 0.58854
-91.65461 0.59789
-91.67225 0.60743
-91.68934 0.61716
-91.70590 0.62706
-91.72194 0.63712
-91.73748 0.64735
-91.75253 0.65772
-91.76711 0.66824
-91.78123 0.67890
-91.79491 0.68969
-91.80818 0.70060
-91.82103 0.71163
-91.83349 0.72278
-91.84556 0.73404
-91.85727 0.74540
-91.86863 0.75685
-91.87965 0.76841
-91.89034 0.78005
-91.90071 0.79178
-91.91079 0.80360
-91.92056 0.81549
-91.93006 0.82746
-91.93928 0.83950
-91.94825 0.85161
-91.95696 0.86378
-91.96542 0.87602
-91.97366 0.88832
-91.98167 0.90068
-91.98946 0.91310
-91.99704 0.92557
-92.00442 0.93809
-92.01160 0.95066
-92.01860 0.96328
-92.02542 0.97595
-92.03206 0.98866
-92.03783 1.00000

